673 3942
-227 650
834 1854
-682 2358
313 -538
1515 -2717
3606 -3242
-48 937
952 1026
1346 -1186
-381 383
1181 -3025
-2736 -1287
-3605 -3821
-389 -1114
2803 156
1721 2886
24 5299
-86 1225
2919 3459
-2638 -2732
-6306 -3873
2498 934
-2300 -1791
1821 2271
1923 8
-311 559
254 -2962
4816 1359
-2995 1621
-517 -890
873 82
2502 -1636
-328 1080
369 -134
-125 -2566
1215 1288
2330 399
-3403 -2423
-596 3303
-3411 248
1861 -2946
-3178 -116
-2429 -3189
-3687 1328
1093 1916
3137 289
2399 1562
1555 -690
1964 3327
-1529 307
1144 54
-686 251
-1398 -2197
381 -1849
2168 225
-660 1471
2089 1986
-195 842
1104 2076
2359 217
290 -3160
-123 -380
-574 -22
-2733 -1419
1390 -310
4699 -2022
981 1746
-774 -1240
1119 1641
1833 2195
-248 235
4586 -1095
-2247 1322
-1523 -803
-2881 228
1307 4445
1156 525
1917 663
-2635 1477
3694 -2088
-850 -1153
-3341 1819
971 -1606
-592 -1633
55 1902
-272 3367
-1860 2266
-3435 -506
714 1166
-1999 4835
24 477
1037 3119
-325 -677
-190 386
-4462 -2149
1363 -2996
1516 -2521
2751 -3553
-919 3
744 -1229
-5444 -526
1249 -90
-162 617
-1473 933
-4109 1786
135 2181
-1915 1244
-1667 -260
872 2154
-5306 1480
-27 1000
1956 234
620 3005
-6231 -3264
429 -1998
1534 2103
-2404 1197
1750 -621
-3128 -1158
3016 813
868 1213
-2388 153
1712 4252
-1079 1104
-205 -3963
974 -2664
1916 -910
4328 -493
-1807 -934
393 -1945
1881 8533
259 -619
-2852 -2663
634 2058
1214 196
228 619
1529 240
-507 294
7084 934
-1389 354
-1534 4463
-4743 -1142
-865 739
182 -930
-801 1339
-1403 502
620 1928
-1970 1226
-1834 2101
-2013 903
2353 -407
2590 -2759
1728 -3153
-5356 4852
1911 1671
2993 -723
-4538 160
-789 -86
-1291 -729
-2419 1555
-2108 1341
2404 -2150
-1127 2931
-1257 2977
410 -3
1847 -3044
-1591 283
31 -4251
1995 -796
-5392 1270
21 371
-104 214
-5204 -944
3243 -505
-2000 -2791
3942 -468
-122 -1414
-2015 2233
703 1313
-1296 1519
2963 -2343
5021 -1265
1639 4293
-2052 -2852
1026 4320
-1398 4348
-2608 2219
2439 2546
495 1015
243 -1187
3676 3188
5 1188
1416 2712
4245 2907
1376 -1097
1433 -1838
-1068 1962
-3426 2463
-1813 -1125
533 3739
4195 1820
-407 -1067
1660 2186
205 -902
2071 -1608
800 -397
333 -583
3252 -948
-1289 -2266
-649 1580
2738 -1960
347 -307
1502 773
-4164 -3938
1101 925
-1058 -858
-1140 -5287
3327 150
-2561 358
3469 -7
-1249 124
481 1290
2307 959
-1605 3895
-1592 1874
-3878 -393
-4147 1238
-442 -867
-2387 -3295
1808 -981
1400 -3692
-1176 44
2768 -4954
3818 969
-273 -3485
-2855 37
-1778 -1537
3239 -1693
-1851 -451
549 -2314
806 872
1492 -2631
-3314 1038
-125 -2371
-1983 4186
-812 1243
-2509 1674
4580 -1251
-1633 1129
-478 312
602 -1379
-1684 1849
1652 190
324 -1549
-2206 -1632
685 3387
-2702 -1522
389 -5049
1957 -1662
4797 -853
1063 1229
399 1841
840 1476
-5983 372
-1244 3942
-2794 -1980
437 1543
1055 1004
-550 534
-1214 -617
3572 2251
711 3707
3333 -78
-2683 -1181
270 1474
-785 -1052
807 -17
3878 -4143
1280 -837
803 -3577
-1378 3822
1527 613
-4460 3116
-1847 1415
-995 -3710
-466 -493
558 548
2669 1242
33 -1925
197 2472
-2068 -225
-1441 -5395
2740 -1614
117 -1484
-1475 -117
2580 -1501
973 -388
-574 1791
1696 2107
2689 1554
-699 277
-487 -258
946 -1703
3268 -1337
2383 -3361
-1419 -53
-1516 3170
-1834 -16
3903 1672
1465 147
124 1169
-808 5451
2367 3033
-2131 2655
-5514 -579
1964 -163
2974 2241
-1369 -4676
-1366 -2591
969 -232
2610 1828
-2727 1978
-3632 -1960
-773 -1237
1404 326
1237 2333
-2334 4748
948 423
-929 861
-113 -426
-83 766
1017 1467
1 2016
3747 -1446
-5109 3858
-4397 -2184
-242 -4218
1112 2717
3181 135
-2487 -1057
-306 1051
-582 -3346
-5818 -3174
4831 -2127
-1802 2044
-404 2150
-540 -3883
2354 1663
-1723 -2155
1278 -107
253 -2858
-832 5425
976 -3740
141 -2662
-950 -807
-24 3565
749 -4941
-1982 1152
-2659 3411
-1069 -534
-1166 1011
-890 -1522
2065 -3228
-4042 -1943
-2276 292
2264 2392
-1199 511
918 -1653
3384 -1909
-2161 -2866
1666 -170
-3417 1564
543 -163
-1899 3765
-2002 -1391
843 -3307
3580 2832
932 1616
-561 -449
2040 -27
-160 -5025
-3168 -2476
-622 -1462
1493 636
-2389 764
-1419 -584
-684 2001
923 2977
3793 -1034
-1045 -281
1639 1866
1894 47
-1330 245
-95 293
-647 -700
416 -1717
-147 576
-1993 -1773
135 235
2445 457
-1995 -1288
-2989 -1352
1372 -4766
-1129 -1434
826 818
-1129 3026
1405 3445
1046 -755
1491 -79
1151 -255
5108 1295
1567 -2750
1503 1924
-207 738
2717 3374
-3950 835
3450 -4900
5846 -513
1105 -14
4700 -518
2381 966
-2381 -564
1609 1581
3796 -106
-3847 1599
1930 -378
2698 1204
-3923 -2114
1584 -711
2327 -2766
813 -1427
-43 -586
-1456 5514
2430 1947
2103 -3198
727 -1113
-1126 -3725
979 -2297
-1034 243
1994 -1564
-891 -2782
1627 -4777
-1439 -470
-241 -4377
-1071 -846
-216 1324
-467 743
4658 1985
-2144 -778
1662 -248
-1199 232
-1804 -2785
-1142 584
-816 827
-989 4404
-2148 -99
94 2443
2739 -250
-2780 -1624
2383 -3242
-2255 2339
1214 -4959
2145 4523
-1596 1225
-82 -1935
-2877 -2200
778 262
1529 1061
-977 209
-1249 57
-2658 203
350 -1214
-5013 2307
762 -2171
-1199 -1003
3450 -1685
813 2697
-2153 2455
2445 245
986 -1324
5028 -2399
2578 1131
-4113 -2749
2099 175
-540 1379
2822 -1413
2554 2811
1321 -978
-552 4593
-4428 -2153
-1826 -414
3231 -81
-1429 2351
-1543 -280
-3790 1579
-5215 -1437
-2142 -1742
-2470 774
-2513 -1935
-1355 -597
701 430
-1134 3417
-1019 1996
355 943
2359 -557
1350 -1200
965 1875
1071 -913
3736 3321
1887 -171
320 -2993
1346 385
-2602 -288
2305 1337
1188 -3766
1055 -3243
-3570 2859
-3713 803
717 1522
-1988 -3286
-1047 -676
-3463 -4135
-1830 732
-4528 -3956
-3252 -1518
418 -2563
1307 -1898
3672 -3158
618 -1418
343 3071
-993 -297
-1333 1746
-1360 1080
-1995 -914
-2322 -4732
-577 -4016
-2289 -214
681 -755
2400 -1433
-3447 -747
2014 1762
149 -1394
1665 1958
-2005 -1250
1157 2546
1612 177
-2480 -552
1887 -1222
282 -1626
-1099 -4808
-560 3011
-2741 -3583
-2426 -1919
2476 857
1751 940
4085 4186
-2411 -998
-1216 -457
679 -885
3088 529
-1006 -3541
-2337 867
-249 532
-369 652
-469 388
-1998 887
-3320 1179
-503 -940
938 -1259
-2700 360
264 1020
864 -2236
1539 -1111
-898 -2522
295 -1536
-135 1082
-1947 -2275
-466 4519
-2264 -417
-3770 -1269
485 -5154
2749 -97
-5059 -620
-3031 -1358
-985 619
3143 2033
54 353
-128 3608
2113 1333
3572 160
355 -616
1244 190
-1541 542
-2044 1122
301 778
-263 3722
-111 -1560
-20 3317
-723 -1521
-724 2977
2525 -4554
2047 -104
-1055 -863
-378 1262
-1575 -3372
-801 1790
703 -2264
-2243 897
2929 1620
211 -1413
-3594 1950
467 2792
-1808 1656
-1922 -6669
510 -2014
-4188 2537
-164 206
-3343 928
-1609 1079
-460 -674
-702 -305
-2744 646
3027 -728
-420 209
1087 -661
495 189
-361 -90
60 -1882
1010 205
-3831 -193
-189 -833
-685 874
999 -3331
4981 4880
-1879 3628
-916 2283
1173 -816
3756 3765
-2228 1970
1305 -2671
2439 2487
1994 4549
-3348 -2930
470 3954
-194 906
249 1174
1309 -1189
912 -848
980 -3023
-2523 213
-1439 237
-1736 -3359
-926 2169
-2591 328
3406 -2390
-769 -115
84 2225
-1549 -3475
-3495 -2454
-1724 3427
-1245 545
-1421 -2154
2647 -2850
-3197 -2507
-1097 56
-827 -755
-1297 -2150
-354 952
-1114 -2105
-2491 2428
-2684 -662
-584 -2181
2411 -3493
-2729 -166
4339 -1481
1016 -1867
1790 -4073
-231 191
-1441 -332
3825 -1202
-28 -2083
-6310 1782
651 3523
1176 -4050
-2797 2015
-830 -2458
-3931 -2582
1556 2024
-2225 -430
-649 -2177
1849 1373
-507 1539
-129 -822
-3328 -667
1738 71
-1011 -2894
-1461 895
1070 1310
4033 -710
473 -4008
1112 -1667
-1513 -2033
-1134 103
1229 239
1279 -322
-1710 -1685
3427 -1124
-936 -1382
-1740 -562
-2816 4725
-1591 458
2157 -2149
1338 2295
-39 2733
-1646 -330
690 2804
602 11
-652 -1355
-1574 -1284
-4002 790
-2138 -353
2881 -867
2722 1498
-3672 2680
1581 567
713 -4830
4647 4437
5739 -2314
244 3170
619 1385
-1316 -910
-4445 1820
-307 4482
-3564 2138
-2726 1125
-1483 2110
717 -34
3673 1436
-1934 2207
4614 1973
1861 2484
-2021 -3675
-3470 -1993
1347 6480
-1158 -1059
-162 -1510
721 -1719
-531 2915
741 -410
1401 2156
205 -176
-1716 3194
2752 -405
1312 -2790
1247 -1587
-2051 962
1712 1015
1397 1735
851 -1420
-275 -739
336 -2053
-2693 -1927
517 -3130
222 3418
-1768 -2224
-906 -914
1964 -464
966 1869
3021 -1586
-2204 -1045
1526 -595
-1961 -2195
-302 -3164
-801 1315
2722 -3196
-1027 -1887
-460 -3852
-2142 -4472
887 848
-3751 437
-1561 -264
-4387 -184
318 -1631
-1773 2073
877 -496
-570 -1228
-2189 -833
-1402 -1227
681 -2772
-1088 2254
1691 924
353 -927
-869 3319
5540 -2177
3657 3920
2997 1330
996 -1190
-2773 1033
-379 492
-808 1189
861 -3339
2736 478
1131 346
1856 -2719
1519 3353
2615 1760
-668 -1477
-2309 1854
-26 1862
-2415 -2864
2872 -1896
1023 1965
-2270 -2815
897 -1216
-2314 3539
847 3113
-2163 -3692
-559 47
-723 1710
1691 -1989
4517 1468
-451 695
533 -2244
-831 141
-208 -702
-3710 -190
1191 -308
483 1915
747 4248
613 2938
-2229 -2293
3770 2592
-358 2513
-1521 -1626
411 -1722
-2563 3639
1214 1524
-347 2349
4332 -491
-366 1802
175 563
-2338 -5160
1228 353
-1971 -943
3262 -2137
-1599 -1418
-2429 706
-4339 1613
-1679 968
2144 610
2127 -1296
474 -1283
-1240 2268
-726 -2950
975 780
-3471 1093
-773 -4779
-3004 -658
639 -2398
1154 -1406
1068 1290
811 664
2221 29
1948 -338
-1767 -193
-2890 -1381
-1089 3497
-1579 3573
60 1656
2921 -1085
-764 -1751
-855 -1277
-1335 -2538
7379 -1995
3926 -2199
-84 -714
-2241 -253
418 -1127
-2815 -5158
-1056 1201
-2170 -581
-350 -1091
471 -1817
-2993 2250
-1581 -6181
4086 3608
-947 2705
1811 -2086
586 -1290
2886 446
-2624 -825
-852 -381
-3221 -3219
1517 -475
7141 322
1013 -1257
-17 2043
-2694 2329
-553 -169
-121 2659
-1585 -260
-3485 427
3409 -75
1586 2333
952 673
138 474
-1164 3297
2051 -3244
1787 -3699
3936 -31
-2285 1219
1035 -2282
3479 356
830 -3285
1646 -2188
417 2791
-2349 312
1754 -1324
-1023 -3534
2548 -1952
-426 -908
547 2700
2542 2299
-243 1448
2741 637
-439 446
1103 -890
3201 546
-1008 -172
-2275 -719
2037 -1688
1927 2915
2638 -1244
3260 177
3337 -2049
2526 -2403
-4062 311
1554 968
1329 -1346
-3406 -172
164 -3515
-3973 -3251
-976 -1206
-2380 -810
-683 379
1155 -2410
977 -4906
-604 -467
968 -2418
5051 -4456
-1368 -3044
-336 461
-92 -736
-2700 -3429
782 -2515
1092 4711
-3610 159
2440 2568
-944 1153
-26 -2591
-4842 308
-76 96
638 -625
2778 -3738
598 1241
3133 173
1214 -1676
-2983 330
1292 -2180
-1700 2256
1578 2124
195 389
309 619
-1347 -1425
456 -4590
-2123 4364
633 -1923
3302 2257
-1497 -2206
1269 1082
21 759
556 -1595
-1432 -4296
-4044 -1827
4788 4015
-2437 -1798
-4098 4078
1644 -1043
-2171 1875
359 -221
-3167 1800
-1089 -1546
568 418
1527 940
311 1555
2799 -1686
-604 1055
-2449 -1187
-3269 -783
1209 1610
-1919 -2370
-1158 -3637
-233 -1561
1471 2395
1285 -1915
-3163 542
4045 -2810
761 -2463
-1514 2640
-1719 267
1680 1270
1242 -1324
-797 5462
733 3220
1496 2006
2692 336
-3462 432
1807 977
-4526 -353
1305 -1882
-1316 1397
631 3570
-462 6263
-288 -1442
-499 1784
-1825 -534
-1817 -3750
-1230 1475
2094 1370
-184 1250
-1073 715
-2233 -1383
2204 1465
-635 -51
-2666 -135
-1691 7752
-1207 -1706
-1431 1952
1251 -3234
-1068 3332
4031 -1898
-688 425
2727 3329
1341 19
173 1027
1813 1442
1727 -2318
-380 -2525
-439 2230
3737 -1888
17 -1836
2697 2971
-275 -2088
-791 -2100
372 2418
-970 -314
-2213 2459
-3037 2510
1819 190
-1822 -507
-1121 24
-490 -2119
-693 -498
3970 -5411
813 4590
769 2435
720 2668
-1156 -734
-362 2900
-2583 2419
-1343 1519
-1018 324
2718 -8
-11 -2617
3787 3030
-4119 1080
3905 548
324 -1429
-2335 1213
326 1924
2498 4262
-11 1706
-365 1358
-342 -220
2490 468
1485 340
2784 1097
762 -4982
-547 -2415
-607 531
-45 -1229
-839 434
1100 482
3052 1974
2180 1336
429 1231
1814 -443
1043 4572
788 1428
0 4828
339 -644
2104 18
1685 4815
1451 -4372
-628 -2711
2603 -1110
61 1151
1701 1377
3405 -1000
-1493 -1297
-680 728
486 319
-1158 660
919 -943
2410 190
-1581 4422
-145 1088
-2591 1396
3698 1730
-1403 1617
2870 2415
-1927 -71
5799 8
561 -880
-1116 278
-2445 1701
-3492 -2847
827 -1882
-775 237
-253 2355
-1218 1978
-1587 4167
-4960 -2986
1802 -3549
-80 243
569 -145
-3038 -1560
-4706 -513
549 -2799
-737 854
2368 -514
-525 2679
-1733 3698
-26 707
-2360 1261
-3129 223
674 -1026
301 143
-1497 1623
-539 -1398
876 -1997
-3343 6485
461 -1387
444 235
-672 1765
2445 -1812
-4024 -1757
2414 -2487
2999 -1185
-650 -2677
-1910 1172
3969 2321
-566 -425
-3251 -706
1769 2954
2428 36
812 1332
1042 425
-17 5753
897 74
1403 1323
1028 -2233
784 -870
-2071 818
-1573 1447
-1112 319
566 156
-1584 4356
-930 -1635
-2191 2659
3216 -979
-1882 -2265
2744 2038
-898 -1397
2032 -111
-261 -3236
394 564
-172 1018
-2608 47
-1707 422
-3148 -1196
-270 3008
-1574 794
802 -177
-2968 656
-834 3014
-229 1142
-1833 2806
1205 -178
3 -1710
-5049 11
2354 716
-1548 3755
-2917 3242
849 -121
595 -815
126 -2942
660 2132
3169 1066
2155 -3359
-2724 -2595
-2129 1176
1306 -1371
-2236 41
-3259 879
-304 -1452
-440 -764
1878 -495
345 272
4306 1826
330 -4287
-3192 -633
-1158 2906
-875 134
361 751
1963 953
-704 1085
-1551 -1995
-1286 263
-631 1221
3086 -1043
2395 -811
1846 62
-1091 -620
749 -857
1672 -1982
279 922
225 1386
-5064 435
2245 -83
4643 -2626
-3024 -2072
717 581
188 1170
1357 -2352
-4522 -92
-3088 -3486
3992 366
1558 -980
-2273 -626
912 -147
568 708
3959 -1321
-2580 -465
494 -896
2662 3071
1092 3817
670 652
605 3061
-5846 -1899
-3223 165
861 -87
354 1508
-2220 3237
-1049 -524
3013 -1838
461 478
149 -2756
315 1645
-1504 -2809
608 -1830
-47 2239
-534 -3470
-1227 -91
2761 -2326
-444 -138
-1953 1259
-1213 -3233
-3613 1886
277 -3003
759 -56
-1401 -64
948 980
1927 -7080
-16 1714
-2478 3512
1208 1698
-1092 -590
-103 773
332 -550
2014 1771
1239 -873
-2354 -3281
-2164 1422
-4041 -340
1241 1982
5 456
456 461
963 724
2325 -2719
3125 -118
-3133 -1017
1893 -911
991 2369
2317 -495
-6393 609
-431 -622
382 1083
3913 174
659 2287
-968 -511
2248 2373
1021 1538
986 -4040
1759 -3147
1238 366
-2345 1030
262 -3244
-6511 -1391
33 -591
1904 2348
1776 758
93 -1900
-690 -2280
2702 1228
2899 666
-1539 1489
66 2159
-3338 1801
-2604 1449
-2461 -1894
-475 941
-2613 -2381
3977 -3280
-5170 1588
1280 -1354
77 5351
2850 3997
2909 2459
483 321
259 595
-3138 1241
-1033 -934
1582 2441
-1886 -3812
1741 4059
1760 1171
2266 -2868
-2072 -59
-3448 728
-4962 -2151
-172 -707
2873 -1305
1866 -3354
-1839 2670
-259 1402
-975 -2395
-26 -76
-2541 1939
2557 -5344
-3892 975
1061 847
536 797
-692 -874
-455 2412
1524 -4499
229 1463
-2180 -1933
-2343 -1886
-1442 1856
324 4745
-2032 -38
-922 -3089
-2476 4690
2477 -3026
-1095 2047
4524 -285
2403 1701
-3601 -401
1347 -639
-712 256
-2390 -499
3202 -103
3821 2416
1321 1274
-3968 -1905
525 7
-1042 292
-2062 -491
851 -576
-1265 1182
-1463 224
-1484 1559
4475 1212
1024 -1980
-2828 -464
4270 -1172
2694 1817
700 1268
4203 -1611
3444 -1021
3701 1971
-2537 1429
-670 -591
587 -1172
-1096 -1052
3201 7230
102 -2980
1949 -2218
-213 3315
2390 -1676
-3521 1352
1808 2690
2335 1608
-1457 -2438
-1452 1596
455 2631
-932 1996
533 1329
726 -3685
-1511 961
937 2638
-3134 -754
-569 741
3130 -255
1160 1250
1514 -659
-4035 4455
-3474 -1452
1470 -3481
-3170 -502
-1809 1714
203 -1013
1451 2728
1284 -405
3860 573
839 -3769
1266 -4527
-2522 -31
1019 -700
2665 -4177
3553 1538
2617 656
1140 -4165
266 236
-659 1644
-4875 1101
2911 3448
-1068 515
-1821 -459
818 -324
1344 168
2295 2410
1601 2014
-1255 775
1043 -2565
401 7047
242 2263
3136 3187
34 2620
3489 129
-2107 2330
1051 -2759
2903 -1685
4147 -1260
1603 2198
-718 -416
40 -945
-3332 1541
-1726 3565
-2027 -2924
-110 -1853
395 288
409 -748
1198 -1623
-703 -2111
812 -2180
3790 -1139
2954 -1337
-240 -1632
-1014 4996
1269 3489
-309 -1931
121 273
3796 1891
1358 1081
-2312 564
44 -694
-276 -2079
-4000 3248
1653 1235
852 -290
-2567 1412
-207 -522
546 931
-1399 -1605
2081 2710
-4042 -4263
-1595 -2375
-128 -3389
-521 -2137
3250 2616
-2842 -827
1240 1968
1441 -2543
-1160 -6430
-924 -1150
172 -1554
101 2536
403 -2229
-3437 -1829
-3928 4063
991 -836
1894 -1584
3210 -1074
1623 -1978
96 671
1036 -664
-1307 1769
-836 473
-2027 3978
-1080 376
-1135 3262
4685 1501
881 -1062
2455 2849
-3425 -3323
632 -2148
691 -738
877 2533
4339 1194
323 -5185
799 913
-1480 1360
2225 -953
-961 961
1548 1530
-670 -1898
-986 -5257
63 2894
-161 -816
-2088 2109
-688 -2120
-445 -577
-1094 -2538
-3047 2427
3436 -1060
-178 -385
1634 -1220
2643 890
1469 -3986
1379 630
-520 -1574
-424 120
1546 3379
-574 -1702
966 2922
-1606 719
1090 -2115
910 1274
2606 -1111
1642 136
1074 3100
-2873 2042
1507 346
2658 2780
-1388 -867
814 -391
-5511 146
-2130 168
-1510 -1161
321 -471
-1214 1557
3497 -220
-3428 -546
-1810 2524
-1392 4813
2814 -300
-1103 -2568
-2190 1034
-1680 -604
-288 250
-576 224
2497 3720
2264 -925
1171 -118
4332 -2026
-1327 -981
1971 -1711
1270 -3860
3086 1646
1602 -1653
2964 3155
-1612 -959
1693 -2372
-5004 3421
435 738
-1359 1693
-3948 -428
-2226 1916
2970 1463
-178 -2313
-653 -219
-1172 -1421
930 -580
1843 -4508
-3055 847
40 -1235
2613 -2042
1774 751
689 -2904
-510 -389
1167 538
-4611 4799
1183 453
-722 -1084
2025 3817
4254 4993
-791 987
2994 437
1295 -736
3613 4228
1455 -4124
-4105 -816
-2319 -1005
1297 -1525
-1997 -268
-26 2022
-6990 -1879
690 -3604
-1328 -2091
-2012 112
-154 -1797
1697 3381
-2126 -5356
2932 -2363
5281 241
-3196 -1777
2171 840
3639 856
-75 1113
5906 -2017
-3292 1749
-396 1575
-1548 -729
-914 1720
648 1007
1901 1416
-1264 -2448
-2912 2277
1660 1114
1587 -4589
-550 1681
6166 175
-988 1496
880 -1173
-752 -6139
4873 1045
-2384 2228
130 2663
3899 1977
-2443 -1182
-1820 725
-1136 -1399
-187 3759
1543 2043
1254 1748
-86 935
51 -22
-3453 268
-3093 3152
-2388 -2920
-2726 1683
897 -547
1102 -799
-1876 4840
2753 21
1910 -118
341 -179
-2662 2010
-1569 1828
-2084 366
866 432
-435 -926
-250 2190
1191 -4059
-55 579
2354 -3730
-604 -112
-1437 -2631
-2309 932
-1865 3014
-1829 3346
66 -1773
2704 -1924
3409 1078
-1991 1239
-1935 -872
2612 -713
1650 -1338
4991 304
2482 -3338
3167 359
-1141 78
-3356 -1232
-3915 -356
1492 -1042
-882 -39
4518 -92
215 -1009
1343 -1720
17 118
-3016 -1983
-1122 636
-623 -746
1694 -2254
-1096 1006
-2449 -548
5513 2391
1025 1251
-2884 -203
-2049 -931
308 4547
-2596 1107
299 -2212
-2965 4292
-1079 -359
3386 1066
-619 1147
1112 -1550
2363 -3809
25 228
6979 -1351
978 246
-792 -3547
2552 1751
2488 -705
-1010 -512
3810 -1639
191 -2244
-31 -1662
-2129 -87
-4421 -1422
-2543 2434
673 916
2449 -117
985 1920
3080 -2888
-1913 -1721
-1345 -1750
-83 -2195
735 -1197
5876 1094
2158 -2094
-21 1094
-1316 720
545 887
-1656 -2875
-2584 -1001
-2200 79
-1193 460
-350 771
-6136 4251
-926 -2719
-662 1570
3755 200
-112 -1943
-5132 -135
490 -409
822 1761
947 2934
-3085 1837
2250 2118
-2211 1055
1104 993
1040 -1744
3691 933
-2165 -1366
-2099 1381
-1565 -3680
38 1527
468 1372
212 -2160
-952 3250
-370 -934
995 270
1474 -4037
1733 1704
-1590 2962
5377 -2369
-1590 55
1918 -715
1019 4778
-54 -2422
3471 -2160
-1941 -31
-1036 2510
-1546 849
-978 954
2331 289
-458 -1277
1295 -5637
4066 -1078
1240 -1366
2391 -1475
859 -1369
1647 3288
-1123 243
-695 2212
438 -1839
-3282 740
-4718 -276
-2375 -2637
1597 -495
-2669 -948
-1292 1199
-48 3387
-523 -1058
178 463
2469 -111
-1122 -1941
-2872 -1840
1375 -1908
-2051 1188
1336 2152
-666 3633
-2959 -2353
663 -2940
-1453 -1074
3943 2368
158 -371
-1787 -851
-3358 870
1710 746
921 -297
2559 1360
-3520 422
3266 701
3300 2984
279 -624
2193 -2242
-1200 -5439
1595 706
-173 -2779
2144 1538
-409 -1311
-1920 1953
-1327 2336
2856 1104
3457 22
974 287
2163 -2824
384 -1334
-1341 1399
2033 -1870
1856 3217
2330 -7463
75 1774
1651 2630
-2078 -3787
-733 -2391
-4674 -657
732 2516
277 1818
2793 898
-3893 213
1123 -1048
922 -1829
-2450 284
3556 2606
3283 -328
1492 368
-678 -1975
-1819 1712
1464 3867
5589 1821
-933 2276
278 2104
3189 -6024
578 -2431
256 479
495 1029
-349 63
2697 -90
-220 -1551
894 1994
-1346 1886
2324 -836
-562 -1502
-1430 869
-1568 -1185
4587 4104
1962 -1150
-4715 415
-2187 -1436
2320 -544
-792 2496
-164 1057
-685 -632
1609 -104
16 -1601
-2030 334
-1353 376
-1094 -2477
1640 -376
-898 254
2051 4250
-3897 -2102
913 -1527
1506 -2312
-1740 -1719
-1780 1502
-1835 -1118
-154 -401
3336 368
3289 919
198 2150
-4100 1992
-3450 66
853 2448
2812 3960
-804 6531
-434 408
1105 -1518
-1116 -108
2326 1192
-2668 5447
-1630 -421
-206 57
-2490 2973
541 -1881
1032 -433
-260 312
-240 -130
-3060 1362
-3740 -4388
-1829 -5213
414 124
-1216 2928
777 830
1110 1746
-2422 -1400
-427 -310
169 3177
-1419 3724
-4035 -755
-3964 3576
1104 -2948
-3765 -2175
1398 -570
2374 1697
-640 -600
-64 2568
3445 -1783
-940 1361
781 -974
393 1605
3952 1900
-2873 -3105
386 134
879 -371
-4923 4912
-1200 2728
464 2810
1746 -4872
246 -3225
-5271 -1876
-317 66
4706 2035
2816 465
1518 -2952
-2016 -2788
2837 4651
456 -242
2239 -175
-1235 747
-1213 305
667 2353
-1773 1358
363 2504
2486 -1495
-4001 -3396
-1109 2477
5776 2957
1915 -2513
-815 -372
-3947 4368
-5561 -1740
1209 1443
1332 1204
135 533
-2499 1001
6237 -2192
-2113 -2471
-2285 -321
-622 -2545
-617 1239
-2966 138
3663 -2247
-1208 -1072
-1104 -3438
2775 48
-2177 -2723
1084 -561
-3814 3645
2186 -1045
-211 -1827
763 -2408
60 -525
-1571 -424
-1273 -456
921 820
2314 -376
-545 -2486
-3268 -4034
3648 -709
114 3305
-630 613
-3202 -4803
151 2370
1852 1453
-1510 2341
-1836 4003
-287 -3704
-1965 -2376
-3096 1060
-2542 2659
2477 -2559
-139 -1328
-3377 771
-2328 1356
1150 -1217
-555 -1524
1856 67
-2971 625
-2247 -180
1355 -1095
2961 -326
1849 883
1656 -572
-1171 -2602
3475 -40
-1174 -513
1852 -1879
-1494 -5110
443 -688
1447 -2219
673 3942
-227 650
834 1854
-682 2358
313 -538
1515 -2717
3606 -3242
-48 937
952 1026
1346 -1186
-381 383
1181 -3025
-2736 -1287
-3605 -3821
-389 -1114
2803 156
1721 2886
24 5299
-86 1225
2919 3459
-2638 -2732
-6306 -3873
2498 934
-2300 -1791
1821 2271
1923 8
-311 559
254 -2962
4816 1359
-2995 1621
-517 -890
873 82
2502 -1636
-328 1080
369 -134
-125 -2566
1215 1288
2330 399
-3403 -2423
-596 3303
-3411 248
1861 -2946
-3178 -116
-2429 -3189
-3687 1328
1093 1916
3137 289
2399 1562
1555 -690
1964 3327
-1529 307
1144 54
-686 251
-1398 -2197
381 -1849
2168 225
-660 1471
2089 1986
-195 842
1104 2076
2359 217
290 -3160
-123 -380
-574 -22
-2733 -1419
1390 -310
4699 -2022
981 1746
-774 -1240
1119 1641
1833 2195
-248 235
4586 -1095
-2247 1322
-1523 -803
-2881 228
1307 4445
1156 525
1917 663
-2635 1477
3694 -2088
-850 -1153
-3341 1819
971 -1606
-592 -1633
55 1902
-272 3367
-1860 2266
-3435 -506
714 1166
-1999 4835
24 477
1037 3119
-325 -677
-190 386
-4462 -2149
1363 -2996
1516 -2521
2751 -3553
-919 3
744 -1229
-5444 -526
1249 -90
-162 617
-1473 933
-4109 1786
135 2181
-1915 1244
-1667 -260
872 2154
-5306 1480
-27 1000
1956 234
620 3005
-6231 -3264
429 -1998
1534 2103
-2404 1197
1750 -621
-3128 -1158
3016 813
868 1213
-2388 153
1712 4252
-1079 1104
-205 -3963
974 -2664
1916 -910
4328 -493
-1807 -934
393 -1945
1881 8533
259 -619
-2852 -2663
634 2058
1214 196
228 619
1529 240
-507 294
7084 934
-1389 354
-1534 4463
-4743 -1142
-865 739
182 -930
-801 1339
-1403 502
620 1928
-1970 1226
-1834 2101
-2013 903
2353 -407
2590 -2759
1728 -3153
-5356 4852
1911 1671
2993 -723
-4538 160
-789 -86
-1291 -729
-2419 1555
-2108 1341
2404 -2150
-1127 2931
-1257 2977
410 -3
1847 -3044
-1591 283
31 -4251
1995 -796
-5392 1270
21 371
-104 214
-5204 -944
3243 -505
-2000 -2791
3942 -468
-122 -1414
-2015 2233
703 1313
-1296 1519
2963 -2343
5021 -1265
1639 4293
-2052 -2852
1026 4320
-1398 4348
-2608 2219
2439 2546
495 1015
243 -1187
3676 3188
5 1188
1416 2712
4245 2907
1376 -1097
1433 -1838
-1068 1962
-3426 2463
-1813 -1125
533 3739
4195 1820
-407 -1067
1660 2186
205 -902
2071 -1608
800 -397
333 -583
3252 -948
-1289 -2266
-649 1580
2738 -1960
347 -307
1502 773
-4164 -3938
1101 925
-1058 -858
-1140 -5287
3327 150
-2561 358
3469 -7
-1249 124
481 1290
2307 959
-1605 3895
-1592 1874
-3878 -393
-4147 1238
-442 -867
-2387 -3295
1808 -981
1400 -3692
-1176 44
2768 -4954
3818 969
-273 -3485
-2855 37
-1778 -1537
3239 -1693
-1851 -451
549 -2314
806 872
1492 -2631
-3314 1038
-125 -2371
-1983 4186
-812 1243
-2509 1674
4580 -1251
-1633 1129
-478 312
602 -1379
-1684 1849
1652 190
324 -1549
-2206 -1632
685 3387
-2702 -1522
389 -5049
1957 -1662
4797 -853
1063 1229
399 1841
840 1476
-5983 372
-1244 3942
-2794 -1980
437 1543
1055 1004
-550 534
-1214 -617
3572 2251
711 3707
3333 -78
-2683 -1181
270 1474
-785 -1052
807 -17
3878 -4143
1280 -837
803 -3577
-1378 3822
1527 613
-4460 3116
-1847 1415
-995 -3710
-466 -493
558 548
2669 1242
33 -1925
197 2472
-2068 -225
-1441 -5395
2740 -1614
117 -1484
-1475 -117
2580 -1501
973 -388
-574 1791
1696 2107
2689 1554
-699 277
-487 -258
946 -1703
3268 -1337
2383 -3361
-1419 -53
-1516 3170
-1834 -16
3903 1672
1465 147
124 1169
-808 5451
2367 3033
-2131 2655
-5514 -579
1964 -163
2974 2241
-1369 -4676
-1366 -2591
969 -232
2610 1828
-2727 1978
-3632 -1960
-773 -1237
1404 326
1237 2333
-2334 4748
948 423
-929 861
-113 -426
-83 766
1017 1467
1 2016
3747 -1446
-5109 3858
-4397 -2184
-242 -4218
1112 2717
3181 135
-2487 -1057
-306 1051
-582 -3346
-5818 -3174
4831 -2127
-1802 2044
-404 2150
-540 -3883
2354 1663
-1723 -2155
1278 -107
253 -2858
-832 5425
976 -3740
141 -2662
-950 -807
-24 3565
749 -4941
-1982 1152
-2659 3411
-1069 -534
-1166 1011
-890 -1522
2065 -3228
-4042 -1943
-2276 292
2264 2392
-1199 511
918 -1653
3384 -1909
-2161 -2866
1666 -170
-3417 1564
543 -163
-1899 3765
-2002 -1391
843 -3307
3580 2832
932 1616
-561 -449
2040 -27
-160 -5025
-3168 -2476
-622 -1462
1493 636
-2389 764
-1419 -584
-684 2001
923 2977
3793 -1034
-1045 -281
1639 1866
1894 47
-1330 245
-95 293
-647 -700
416 -1717
-147 576
-1993 -1773
135 235
2445 457
-1995 -1288
-2989 -1352
1372 -4766
-1129 -1434
826 818
-1129 3026
1405 3445
1046 -755
1491 -79
1151 -255
5108 1295
1567 -2750
1503 1924
-207 738
2717 3374
-3950 835
3450 -4900
5846 -513
1105 -14
4700 -518
2381 966
-2381 -564
1609 1581
3796 -106
-3847 1599
1930 -378
2698 1204
-3923 -2114
1584 -711
2327 -2766
813 -1427
-43 -586
-1456 5514
2430 1947
2103 -3198
727 -1113
-1126 -3725
979 -2297
-1034 243
1994 -1564
-891 -2782
1627 -4777
-1439 -470
-241 -4377
-1071 -846
-216 1324
-467 743
4658 1985
-2144 -778
1662 -248
-1199 232
-1804 -2785
-1142 584
-816 827
-989 4404
-2148 -99
94 2443
2739 -250
-2780 -1624
2383 -3242
-2255 2339
1214 -4959
2145 4523
-1596 1225
-82 -1935
-2877 -2200
778 262
1529 1061
-977 209
-1249 57
-2658 203
350 -1214
-5013 2307
762 -2171
-1199 -1003
3450 -1685
813 2697
-2153 2455
2445 245
986 -1324
5028 -2399
2578 1131
-4113 -2749
2099 175
-540 1379
2822 -1413
2554 2811
1321 -978
-552 4593
-4428 -2153
-1826 -414
3231 -81
-1429 2351
-1543 -280
-3790 1579
-5215 -1437
-2142 -1742
-2470 774
-2513 -1935
-1355 -597
701 430
-1134 3417
-1019 1996
355 943
2359 -557
1350 -1200
965 1875
1071 -913
3736 3321
1887 -171
320 -2993
1346 385
-2602 -288
2305 1337
1188 -3766
1055 -3243
-3570 2859
-3713 803
717 1522
-1988 -3286
-1047 -676
-3463 -4135
-1830 732
-4528 -3956
-3252 -1518
418 -2563
1307 -1898
3672 -3158
618 -1418
343 3071
-993 -297
-1333 1746
-1360 1080
-1995 -914
-2322 -4732
-577 -4016
-2289 -214
681 -755
2400 -1433
-3447 -747
2014 1762
149 -1394
1665 1958
-2005 -1250
1157 2546
1612 177
-2480 -552
1887 -1222
282 -1626
-1099 -4808
-560 3011
-2741 -3583
-2426 -1919
2476 857
1751 940
4085 4186
-2411 -998
-1216 -457
679 -885
3088 529
-1006 -3541
-2337 867
-249 532
-369 652
-469 388
-1998 887
-3320 1179
-503 -940
938 -1259
-2700 360
264 1020
864 -2236
1539 -1111
-898 -2522
295 -1536
-135 1082
-1947 -2275
-466 4519
-2264 -417
-3770 -1269
485 -5154
2749 -97
-5059 -620
-3031 -1358
-985 619
3143 2033
54 353
-128 3608
2113 1333
3572 160
355 -616
1244 190
-1541 542
-2044 1122
301 778
-263 3722
-111 -1560
-20 3317
-723 -1521
-724 2977
2525 -4554
2047 -104
-1055 -863
-378 1262
-1575 -3372
-801 1790
703 -2264
-2243 897
2929 1620
211 -1413
-3594 1950
467 2792
-1808 1656
-1922 -6669
510 -2014
-4188 2537
-164 206
-3343 928
-1609 1079
-460 -674
-702 -305
-2744 646
3027 -728
-420 209
1087 -661
495 189
-361 -90
60 -1882
1010 205
-3831 -193
-189 -833
-685 874
999 -3331
4981 4880
-1879 3628
-916 2283
1173 -816
3756 3765
-2228 1970
1305 -2671
2439 2487
1994 4549
-3348 -2930
470 3954
-194 906
249 1174
1309 -1189
912 -848
980 -3023
-2523 213
-1439 237
-1736 -3359
-926 2169
-2591 328
3406 -2390
-769 -115
84 2225
-1549 -3475
-3495 -2454
-1724 3427
-1245 545
-1421 -2154
2647 -2850
-3197 -2507
-1097 56
-827 -755
-1297 -2150
-354 952
-1114 -2105
-2491 2428
-2684 -662
-584 -2181
2411 -3493
-2729 -166
4339 -1481
1016 -1867
1790 -4073
-231 191
-1441 -332
3825 -1202
-28 -2083
-6310 1782
651 3523
1176 -4050
-2797 2015
-830 -2458
-3931 -2582
1556 2024
-2225 -430
-649 -2177
1849 1373
-507 1539
-129 -822
-3328 -667
1738 71
-1011 -2894
-1461 895
1070 1310
4033 -710
473 -4008
1112 -1667
-1513 -2033
-1134 103
1229 239
1279 -322
-1710 -1685
3427 -1124
-936 -1382
-1740 -562
-2816 4725
-1591 458
2157 -2149
1338 2295
-39 2733
-1646 -330
690 2804
602 11
-652 -1355
-1574 -1284
-4002 790
-2138 -353
2881 -867
2722 1498
-3672 2680
1581 567
713 -4830
4647 4437
5739 -2314
244 3170
619 1385
-1316 -910
-4445 1820
-307 4482
-3564 2138
-2726 1125
-1483 2110
717 -34
3673 1436
-1934 2207
4614 1973
1861 2484
-2021 -3675
-3470 -1993
1347 6480
-1158 -1059
-162 -1510
721 -1719
-531 2915
741 -410
1401 2156
205 -176
-1716 3194
2752 -405
1312 -2790
1247 -1587
-2051 962
1712 1015
1397 1735
851 -1420
-275 -739
336 -2053
-2693 -1927
517 -3130
222 3418
-1768 -2224
-906 -914
1964 -464
966 1869
3021 -1586
-2204 -1045
1526 -595
-1961 -2195
-302 -3164
-801 1315
2722 -3196
-1027 -1887
-460 -3852
-2142 -4472
887 848
-3751 437
-1561 -264
-4387 -184
318 -1631
-1773 2073
877 -496
-570 -1228
-2189 -833
-1402 -1227
681 -2772
-1088 2254
1691 924
353 -927
-869 3319
5540 -2177
3657 3920
2997 1330
996 -1190
-2773 1033
-379 492
-808 1189
861 -3339
2736 478
1131 346
1856 -2719
1519 3353
2615 1760
-668 -1477
-2309 1854
-26 1862
-2415 -2864
2872 -1896
1023 1965
-2270 -2815
897 -1216
-2314 3539
847 3113
-2163 -3692
-559 47
-723 1710
1691 -1989
4517 1468
-451 695
533 -2244
-831 141
-208 -702
-3710 -190
1191 -308
483 1915
747 4248
613 2938
-2229 -2293
3770 2592
-358 2513
-1521 -1626
411 -1722
-2563 3639
1214 1524
-347 2349
4332 -491
-366 1802
175 563
-2338 -5160
1228 353
-1971 -943
3262 -2137
-1599 -1418
-2429 706
-4339 1613
-1679 968
2144 610
2127 -1296
474 -1283
-1240 2268
-726 -2950
975 780
-3471 1093
-773 -4779
-3004 -658
639 -2398
1154 -1406
1068 1290
811 664
2221 29
1948 -338
-1767 -193
-2890 -1381
-1089 3497
-1579 3573
60 1656
2921 -1085
-764 -1751
-855 -1277
-1335 -2538
7379 -1995
3926 -2199
-84 -714
-2241 -253
418 -1127
-2815 -5158
-1056 1201
-2170 -581
-350 -1091
471 -1817
-2993 2250
-1581 -6181
4086 3608
-947 2705
1811 -2086
586 -1290
2886 446
-2624 -825
-852 -381
-3221 -3219
1517 -475
7141 322
1013 -1257
-17 2043
-2694 2329
-553 -169
-121 2659
-1585 -260
-3485 427
3409 -75
1586 2333
952 673
138 474
-1164 3297
2051 -3244
1787 -3699
3936 -31
-2285 1219
1035 -2282
3479 356
830 -3285
1646 -2188
417 2791
-2349 312
1754 -1324
-1023 -3534
2548 -1952
-426 -908
547 2700
2542 2299
-243 1448
2741 637
-439 446
1103 -890
3201 546
-1008 -172
-2275 -719
2037 -1688
1927 2915
2638 -1244
3260 177
3337 -2049
2526 -2403
-4062 311
1554 968
1329 -1346
-3406 -172
164 -3515
-3973 -3251
-976 -1206
-2380 -810
-683 379
1155 -2410
977 -4906
-604 -467
968 -2418
5051 -4456
-1368 -3044
-336 461
-92 -736
-2700 -3429
782 -2515
1092 4711
-3610 159
2440 2568
-944 1153
-26 -2591
-4842 308
-76 96
638 -625
2778 -3738
598 1241
3133 173
1214 -1676
-2983 330
1292 -2180
-1700 2256
1578 2124
195 389
309 619
-1347 -1425
456 -4590
-2123 4364
633 -1923
3302 2257
-1497 -2206
1269 1082
21 759
556 -1595
-1432 -4296
-4044 -1827
4788 4015
-2437 -1798
-4098 4078
1644 -1043
-2171 1875
359 -221
-3167 1800
-1089 -1546
568 418
1527 940
311 1555
2799 -1686
-604 1055
-2449 -1187
-3269 -783
1209 1610
-1919 -2370
-1158 -3637
-233 -1561
1471 2395
1285 -1915
-3163 542
4045 -2810
761 -2463
-1514 2640
-1719 267
1680 1270
1242 -1324
-797 5462
733 3220
1496 2006
2692 336
-3462 432
1807 977
-4526 -353
1305 -1882
-1316 1397
631 3570
-462 6263
-288 -1442
-499 1784
-1825 -534
-1817 -3750
-1230 1475
2094 1370
-184 1250
-1073 715
-2233 -1383
2204 1465
-635 -51
-2666 -135
-1691 7752
-1207 -1706
-1431 1952
1251 -3234
-1068 3332
4031 -1898
-688 425
2727 3329
1341 19
173 1027
1813 1442
1727 -2318
-380 -2525
-439 2230
3737 -1888
17 -1836
2697 2971
-275 -2088
-791 -2100
372 2418
-970 -314
-2213 2459
-3037 2510
1819 190
-1822 -507
-1121 24
-490 -2119
-693 -498
3970 -5411
813 4590
769 2435
720 2668
-1156 -734
-362 2900
-2583 2419
-1343 1519
-1018 324
2718 -8
-11 -2617
3787 3030
-4119 1080
3905 548
324 -1429
-2335 1213
326 1924
2498 4262
-11 1706
-365 1358
-342 -220
2490 468
1485 340
2784 1097
762 -4982
-547 -2415
-607 531
-45 -1229
-839 434
1100 482
3052 1974
2180 1336
429 1231
1814 -443
1043 4572
788 1428
0 4828
339 -644
2104 18
1685 4815
1451 -4372
-628 -2711
2603 -1110
61 1151
1701 1377
3405 -1000
-1493 -1297
-680 728
486 319
-1158 660
919 -943
2410 190
-1581 4422
-145 1088
-2591 1396
3698 1730
-1403 1617
2870 2415
-1927 -71
5799 8
561 -880
-1116 278
-2445 1701
-3492 -2847
827 -1882
-775 237
-253 2355
-1218 1978
-1587 4167
-4960 -2986
1802 -3549
-80 243
569 -145
-3038 -1560
-4706 -513
549 -2799
-737 854
2368 -514
-525 2679
-1733 3698
-26 707
-2360 1261
-3129 223
674 -1026
301 143
-1497 1623
-539 -1398
876 -1997
-3343 6485
461 -1387
444 235
-672 1765
2445 -1812
-4024 -1757
2414 -2487
2999 -1185
-650 -2677
-1910 1172
3969 2321
-566 -425
-3251 -706
1769 2954
2428 36
812 1332
1042 425
-17 5753
897 74
1403 1323
1028 -2233
784 -870
-2071 818
-1573 1447
-1112 319
566 156
-1584 4356
-930 -1635
-2191 2659
3216 -979
-1882 -2265
2744 2038
-898 -1397
2032 -111
-261 -3236
394 564
-172 1018
-2608 47
-1707 422
-3148 -1196
-270 3008
-1574 794
802 -177
-2968 656
-834 3014
-229 1142
-1833 2806
1205 -178
3 -1710
-5049 11
2354 716
-1548 3755
-2917 3242
849 -121
595 -815
126 -2942
660 2132
3169 1066
2155 -3359
-2724 -2595
-2129 1176
1306 -1371
-2236 41
-3259 879
-304 -1452
-440 -764
1878 -495
345 272
4306 1826
330 -4287
-3192 -633
-1158 2906
-875 134
361 751
1963 953
-704 1085
-1551 -1995
-1286 263
-631 1221
3086 -1043
2395 -811
1846 62
-1091 -620
749 -857
1672 -1982
279 922
225 1386
-5064 435
2245 -83
4643 -2626
-3024 -2072
717 581
188 1170
1357 -2352
-4522 -92
-3088 -3486
3992 366
1558 -980
-2273 -626
912 -147
568 708
3959 -1321
-2580 -465
494 -896
2662 3071
1092 3817
670 652
605 3061
-5846 -1899
-3223 165
861 -87
354 1508
-2220 3237
-1049 -524
3013 -1838
461 478
149 -2756
315 1645
-1504 -2809
608 -1830
-47 2239
-534 -3470
-1227 -91
2761 -2326
-444 -138
-1953 1259
-1213 -3233
-3613 1886
277 -3003
759 -56
-1401 -64
948 980
1927 -7080
-16 1714
-2478 3512
1208 1698
-1092 -590
-103 773
332 -550
2014 1771
1239 -873
-2354 -3281
-2164 1422
-4041 -340
1241 1982
5 456
456 461
963 724
2325 -2719
3125 -118
-3133 -1017
1893 -911
991 2369
2317 -495
-6393 609
-431 -622
382 1083
3913 174
659 2287
-968 -511
2248 2373
1021 1538
986 -4040
1759 -3147
1238 366
-2345 1030
262 -3244
-6511 -1391
33 -591
1904 2348
1776 758
93 -1900
-690 -2280
2702 1228
2899 666
-1539 1489
66 2159
-3338 1801
-2604 1449
-2461 -1894
-475 941
-2613 -2381
3977 -3280
-5170 1588
1280 -1354
77 5351
2850 3997
2909 2459
483 321
259 595
-3138 1241
-1033 -934
1582 2441
-1886 -3812
1741 4059
1760 1171
2266 -2868
-2072 -59
-3448 728
-4962 -2151
-172 -707
2873 -1305
1866 -3354
-1839 2670
-259 1402
-975 -2395
-26 -76
-2541 1939
2557 -5344
-3892 975
1061 847
536 797
-692 -874
-455 2412
1524 -4499
229 1463
-2180 -1933
-2343 -1886
-1442 1856
324 4745
-2032 -38
-922 -3089
-2476 4690
2477 -3026
-1095 2047
4524 -285
2403 1701
-3601 -401
1347 -639
-712 256
-2390 -499
3202 -103
3821 2416
1321 1274
-3968 -1905
525 7
-1042 292
-2062 -491
851 -576
-1265 1182
-1463 224
-1484 1559
4475 1212
1024 -1980
-2828 -464
4270 -1172
2694 1817
700 1268
4203 -1611
3444 -1021
3701 1971
-2537 1429
-670 -591
587 -1172
-1096 -1052
3201 7230
102 -2980
1949 -2218
-213 3315
2390 -1676
-3521 1352
1808 2690
2335 1608
-1457 -2438
-1452 1596
455 2631
-932 1996
533 1329
726 -3685
-1511 961
937 2638
-3134 -754
-569 741
3130 -255
1160 1250
1514 -659
-4035 4455
-3474 -1452
1470 -3481
-3170 -502
-1809 1714
203 -1013
1451 2728
1284 -405
3860 573
839 -3769
1266 -4527
-2522 -31
1019 -700
2665 -4177
3553 1538
2617 656
1140 -4165
266 236
-659 1644
-4875 1101
2911 3448
-1068 515
-1821 -459
818 -324
1344 168
2295 2410
1601 2014
-1255 775
1043 -2565
401 7047
242 2263
3136 3187
34 2620
3489 129
-2107 2330
1051 -2759
2903 -1685
4147 -1260
1603 2198
-718 -416
40 -945
-3332 1541
-1726 3565
-2027 -2924
-110 -1853
395 288
409 -748
1198 -1623
-703 -2111
812 -2180
3790 -1139
2954 -1337
-240 -1632
-1014 4996
1269 3489
-309 -1931
121 273
3796 1891
1358 1081
-2312 564
44 -694
-276 -2079
-4000 3248
1653 1235
852 -290
-2567 1412
-207 -522
546 931
-1399 -1605
2081 2710
-4042 -4263
-1595 -2375
-128 -3389
-521 -2137
3250 2616
-2842 -827
1240 1968
1441 -2543
-1160 -6430
-924 -1150
172 -1554
101 2536
403 -2229
-3437 -1829
-3928 4063
991 -836
1894 -1584
3210 -1074
1623 -1978
96 671
1036 -664
-1307 1769
-836 473
-2027 3978
-1080 376
-1135 3262
4685 1501
881 -1062
2455 2849
-3425 -3323
632 -2148
691 -738
877 2533
4339 1194
323 -5185
799 913
-1480 1360
2225 -953
-961 961
1548 1530
-670 -1898
-986 -5257
63 2894
-161 -816
-2088 2109
-688 -2120
-445 -577
-1094 -2538
-3047 2427
3436 -1060
-178 -385
1634 -1220
2643 890
1469 -3986
1379 630
-520 -1574
-424 120
1546 3379
-574 -1702
966 2922
-1606 719
1090 -2115
910 1274
2606 -1111
1642 136
1074 3100
-2873 2042
1507 346
2658 2780
-1388 -867
814 -391
-5511 146
-2130 168
-1510 -1161
321 -471
-1214 1557
3497 -220
-3428 -546
-1810 2524
-1392 4813
2814 -300
-1103 -2568
-2190 1034
-1680 -604
-288 250
-576 224
2497 3720
2264 -925
1171 -118
4332 -2026
-1327 -981
1971 -1711
1270 -3860
3086 1646
1602 -1653
2964 3155
-1612 -959
1693 -2372
-5004 3421
435 738
-1359 1693
-3948 -428
-2226 1916
2970 1463
-178 -2313
-653 -219
-1172 -1421
930 -580
1843 -4508
-3055 847
40 -1235
2613 -2042
1774 751
689 -2904
-510 -389
1167 538
-4611 4799
1183 453
-722 -1084
2025 3817
4254 4993
-791 987
2994 437
1295 -736
3613 4228
1455 -4124
-4105 -816
-2319 -1005
1297 -1525
-1997 -268
-26 2022
-6990 -1879
690 -3604
-1328 -2091
-2012 112
-154 -1797
1697 3381
-2126 -5356
2932 -2363
5281 241
-3196 -1777
2171 840
3639 856
-75 1113
5906 -2017
-3292 1749
-396 1575
-1548 -729
-914 1720
648 1007
1901 1416
-1264 -2448
-2912 2277
1660 1114
1587 -4589
-550 1681
6166 175
-988 1496
880 -1173
-752 -6139
4873 1045
-2384 2228
130 2663
3899 1977
-2443 -1182
-1820 725
-1136 -1399
-187 3759
1543 2043
1254 1748
-86 935
51 -22
-3453 268
-3093 3152
-2388 -2920
-2726 1683
897 -547
1102 -799
-1876 4840
2753 21
1910 -118
341 -179
-2662 2010
-1569 1828
-2084 366
866 432
-435 -926
-250 2190
1191 -4059
-55 579
2354 -3730
-604 -112
-1437 -2631
-2309 932
-1865 3014
-1829 3346
66 -1773
2704 -1924
3409 1078
-1991 1239
-1935 -872
2612 -713
1650 -1338
4991 304
2482 -3338
3167 359
-1141 78
-3356 -1232
-3915 -356
1492 -1042
-882 -39
4518 -92
215 -1009
1343 -1720
17 118
-3016 -1983
-1122 636
-623 -746
1694 -2254
-1096 1006
-2449 -548
5513 2391
1025 1251
-2884 -203
-2049 -931
308 4547
-2596 1107
299 -2212
-2965 4292
-1079 -359
3386 1066
-619 1147
1112 -1550
2363 -3809
25 228
6979 -1351
978 246
-792 -3547
2552 1751
2488 -705
-1010 -512
3810 -1639
191 -2244
-31 -1662
-2129 -87
-4421 -1422
-2543 2434
673 916
2449 -117
985 1920
3080 -2888
-1913 -1721
-1345 -1750
-83 -2195
735 -1197
5876 1094
2158 -2094
-21 1094
-1316 720
545 887
-1656 -2875
-2584 -1001
-2200 79
-1193 460
-350 771
-6136 4251
-926 -2719
-662 1570
3755 200
-112 -1943
-5132 -135
490 -409
822 1761
947 2934
-3085 1837
2250 2118
-2211 1055
1104 993
1040 -1744
3691 933
-2165 -1366
-2099 1381
-1565 -3680
38 1527
468 1372
212 -2160
-952 3250
-370 -934
995 270
1474 -4037
1733 1704
-1590 2962
5377 -2369
-1590 55
1918 -715
1019 4778
-54 -2422
3471 -2160
-1941 -31
-1036 2510
-1546 849
-978 954
2331 289
-458 -1277
1295 -5637
4066 -1078
1240 -1366
2391 -1475
859 -1369
1647 3288
-1123 243
-695 2212
438 -1839
-3282 740
-4718 -276
-2375 -2637
1597 -495
-2669 -948
-1292 1199
-48 3387
-523 -1058
178 463
2469 -111
-1122 -1941
-2872 -1840
1375 -1908
-2051 1188
1336 2152
-666 3633
-2959 -2353
663 -2940
-1453 -1074
3943 2368
158 -371
-1787 -851
-3358 870
1710 746
921 -297
2559 1360
-3520 422
3266 701
3300 2984
279 -624
2193 -2242
-1200 -5439
1595 706
-173 -2779
2144 1538
-409 -1311
-1920 1953
-1327 2336
2856 1104
3457 22
974 287
2163 -2824
384 -1334
-1341 1399
2033 -1870
1856 3217
2330 -7463
75 1774
1651 2630
-2078 -3787
-733 -2391
-4674 -657
732 2516
277 1818
2793 898
-3893 213
1123 -1048
922 -1829
-2450 284
3556 2606
3283 -328
1492 368
-678 -1975
-1819 1712
1464 3867
5589 1821
-933 2276
278 2104
3189 -6024
578 -2431
256 479
495 1029
-349 63
2697 -90
-220 -1551
894 1994
-1346 1886
2324 -836
-562 -1502
-1430 869
-1568 -1185
4587 4104
1962 -1150
-4715 415
-2187 -1436
2320 -544
-792 2496
-164 1057
-685 -632
1609 -104
16 -1601
-2030 334
-1353 376
-1094 -2477
1640 -376
-898 254
2051 4250
-3897 -2102
913 -1527
1506 -2312
-1740 -1719
-1780 1502
-1835 -1118
-154 -401
3336 368
3289 919
198 2150
-4100 1992
-3450 66
853 2448
2812 3960
-804 6531
-434 408
1105 -1518
-1116 -108
2326 1192
-2668 5447
-1630 -421
-206 57
-2490 2973
541 -1881
1032 -433
-260 312
-240 -130
-3060 1362
-3740 -4388
-1829 -5213
414 124
-1216 2928
777 830
1110 1746
-2422 -1400
-427 -310
169 3177
-1419 3724
-4035 -755
-3964 3576
1104 -2948
-3765 -2175
1398 -570
2374 1697
-640 -600
-64 2568
3445 -1783
-940 1361
781 -974
393 1605
3952 1900
-2873 -3105
386 134
879 -371
-4923 4912
-1200 2728
464 2810
1746 -4872
246 -3225
-5271 -1876
-317 66
4706 2035
2816 465
1518 -2952
-2016 -2788
2837 4651
456 -242
2239 -175
-1235 747
-1213 305
667 2353
-1773 1358
363 2504
2486 -1495
-4001 -3396
-1109 2477
5776 2957
1915 -2513
-815 -372
-3947 4368
-5561 -1740
1209 1443
1332 1204
135 533
-2499 1001
6237 -2192
-2113 -2471
-2285 -321
-622 -2545
-617 1239
-2966 138
3663 -2247
-1208 -1072
-1104 -3438
2775 48
-2177 -2723
1084 -561
-3814 3645
2186 -1045
-211 -1827
763 -2408
60 -525
-1571 -424
-1273 -456
921 820
2314 -376
-545 -2486
-3268 -4034
3648 -709
114 3305
-630 613
-3202 -4803
151 2370
1852 1453
-1510 2341
-1836 4003
-287 -3704
-1965 -2376
-3096 1060
-2542 2659
2477 -2559
-139 -1328
-3377 771
-2328 1356
1150 -1217
-555 -1524
1856 67
-2971 625
-2247 -180
1355 -1095
2961 -326
1849 883
1656 -572
-1171 -2602
3475 -40
-1174 -513
1852 -1879
-1494 -5110
443 -688
1447 -2219
673 3942
-227 650
834 1854
-682 2358
313 -538
1515 -2717
3606 -3242
-48 937
952 1026
1346 -1186
-381 383
1181 -3025
-2736 -1287
-3605 -3821
-389 -1114
2803 156
1721 2886
24 5299
-86 1225
2919 3459
-2638 -2732
-6306 -3873
2498 934
-2300 -1791
1821 2271
1923 8
-311 559
254 -2962
4816 1359
-2995 1621
-517 -890
873 82
2502 -1636
-328 1080
369 -134
-125 -2566
1215 1288
2330 399
-3403 -2423
-596 3303
-3411 248
1861 -2946
-3178 -116
-2429 -3189
-3687 1328
1093 1916
3137 289
2399 1562
1555 -690
1964 3327
-1529 307
1144 54
-686 251
-1398 -2197
381 -1849
2168 225
-660 1471
2089 1986
-195 842
1104 2076
2359 217
290 -3160
-123 -380
-574 -22
-2733 -1419
1390 -310
4699 -2022
981 1746
-774 -1240
1119 1641
1833 2195
-248 235
4586 -1095
-2247 1322
-1523 -803
-2881 228
1307 4445
1156 525
1917 663
-2635 1477
3694 -2088
-850 -1153
-3341 1819
971 -1606
-592 -1633
55 1902
-272 3367
-1860 2266
-3435 -506
714 1166
-1999 4835
24 477
1037 3119
-325 -677
-190 386
-4462 -2149
1363 -2996
1516 -2521
2751 -3553
-919 3
744 -1229
-5444 -526
1249 -90
-162 617
-1473 933
-4109 1786
135 2181
-1915 1244
-1667 -260
872 2154
-5306 1480
-27 1000
1956 234
620 3005
-6231 -3264
429 -1998
1534 2103
-2404 1197
1750 -621
-3128 -1158
3016 813
868 1213
-2388 153
1712 4252
-1079 1104
-205 -3963
974 -2664
1916 -910
4328 -493
-1807 -934
393 -1945
1881 8533
259 -619
-2852 -2663
634 2058
1214 196
228 619
1529 240
-507 294
7084 934
-1389 354
-1534 4463
-4743 -1142
-865 739
182 -930
-801 1339
-1403 502
620 1928
-1970 1226
-1834 2101
-2013 903
2353 -407
2590 -2759
1728 -3153
-5356 4852
1911 1671
2993 -723
-4538 160
-789 -86
-1291 -729
-2419 1555
-2108 1341
2404 -2150
-1127 2931
-1257 2977
410 -3
1847 -3044
-1591 283
31 -4251
1995 -796
-5392 1270
21 371
-104 214
-5204 -944
3243 -505
-2000 -2791
3942 -468
-122 -1414
-2015 2233
703 1313
-1296 1519
2963 -2343
5021 -1265
1639 4293
-2052 -2852
1026 4320
-1398 4348
-2608 2219
2439 2546
495 1015
243 -1187
3676 3188
5 1188
1416 2712
4245 2907
1376 -1097
1433 -1838
-1068 1962
-3426 2463
-1813 -1125
533 3739
4195 1820
-407 -1067
1660 2186
205 -902
2071 -1608
800 -397
333 -583
3252 -948
-1289 -2266
-649 1580
2738 -1960
347 -307
1502 773
-4164 -3938
1101 925
-1058 -858
-1140 -5287
3327 150
-2561 358
3469 -7
-1249 124
481 1290
2307 959
-1605 3895
-1592 1874
-3878 -393
-4147 1238
-442 -867
-2387 -3295
1808 -981
1400 -3692
-1176 44
2768 -4954
3818 969
-273 -3485
-2855 37
-1778 -1537
3239 -1693
-1851 -451
549 -2314
806 872
1492 -2631
-3314 1038
-125 -2371
-1983 4186
-812 1243
-2509 1674
4580 -1251
-1633 1129
-478 312
602 -1379
-1684 1849
1652 190
324 -1549
-2206 -1632
685 3387
-2702 -1522
389 -5049
1957 -1662
4797 -853
1063 1229
399 1841
840 1476
-5983 372
-1244 3942
-2794 -1980
437 1543
1055 1004
-550 534
-1214 -617
3572 2251
711 3707
3333 -78
-2683 -1181
270 1474
-785 -1052
807 -17
3878 -4143
1280 -837
803 -3577
-1378 3822
1527 613
-4460 3116
-1847 1415
-995 -3710
-466 -493
558 548
2669 1242
33 -1925
197 2472
-2068 -225
-1441 -5395
2740 -1614
117 -1484
-1475 -117
2580 -1501
973 -388
-574 1791
1696 2107
2689 1554
-699 277
-487 -258
946 -1703
3268 -1337
2383 -3361
-1419 -53
-1516 3170
-1834 -16
3903 1672
1465 147
124 1169
-808 5451
2367 3033
-2131 2655
-5514 -579
1964 -163
2974 2241
-1369 -4676
-1366 -2591
969 -232
2610 1828
-2727 1978
-3632 -1960
-773 -1237
1404 326
1237 2333
-2334 4748
948 423
-929 861
-113 -426
-83 766
1017 1467
1 2016
3747 -1446
-5109 3858
-4397 -2184
-242 -4218
1112 2717
3181 135
-2487 -1057
-306 1051
-582 -3346
-5818 -3174
4831 -2127
-1802 2044
-404 2150
-540 -3883
2354 1663
-1723 -2155
1278 -107
253 -2858
-832 5425
976 -3740
141 -2662
-950 -807
-24 3565
749 -4941
-1982 1152
-2659 3411
-1069 -534
-1166 1011
-890 -1522
2065 -3228
-4042 -1943
-2276 292
2264 2392
-1199 511
918 -1653
3384 -1909
-2161 -2866
1666 -170
-3417 1564
543 -163
-1899 3765
-2002 -1391
843 -3307
3580 2832
932 1616
-561 -449
2040 -27
-160 -5025
-3168 -2476
-622 -1462
1493 636
-2389 764
-1419 -584
-684 2001
923 2977
3793 -1034
-1045 -281
1639 1866
1894 47
-1330 245
-95 293
-647 -700
416 -1717
-147 576
-1993 -1773
135 235
2445 457
-1995 -1288
-2989 -1352
1372 -4766
-1129 -1434
826 818
-1129 3026
1405 3445
1046 -755
1491 -79
1151 -255
5108 1295
1567 -2750
1503 1924
-207 738
2717 3374
-3950 835
3450 -4900
5846 -513
1105 -14
4700 -518
2381 966
-2381 -564
1609 1581
3796 -106
-3847 1599
1930 -378
2698 1204
-3923 -2114
1584 -711
2327 -2766
813 -1427
-43 -586
-1456 5514
2430 1947
2103 -3198
727 -1113
-1126 -3725
979 -2297
-1034 243
1994 -1564
-891 -2782
1627 -4777
-1439 -470
-241 -4377
-1071 -846
-216 1324
-467 743
4658 1985
-2144 -778
1662 -248
-1199 232
-1804 -2785
-1142 584
-816 827
-989 4404
-2148 -99
94 2443
2739 -250
-2780 -1624
2383 -3242
-2255 2339
1214 -4959
2145 4523
-1596 1225
-82 -1935
-2877 -2200
778 262
1529 1061
-977 209
-1249 57
-2658 203
350 -1214
-5013 2307
762 -2171
-1199 -1003
3450 -1685
813 2697
-2153 2455
2445 245
986 -1324
5028 -2399
2578 1131
-4113 -2749
2099 175
-540 1379
2822 -1413
2554 2811
1321 -978
-552 4593
-4428 -2153
-1826 -414
3231 -81
-1429 2351
-1543 -280
-3790 1579
-5215 -1437
-2142 -1742
-2470 774
-2513 -1935
-1355 -597
701 430
-1134 3417
-1019 1996
355 943
2359 -557
1350 -1200
965 1875
1071 -913
3736 3321
1887 -171
320 -2993
1346 385
-2602 -288
2305 1337
1188 -3766
1055 -3243
-3570 2859
-3713 803
717 1522
-1988 -3286
-1047 -676
-3463 -4135
-1830 732
-4528 -3956
-3252 -1518
418 -2563
1307 -1898
3672 -3158
618 -1418
343 3071
-993 -297
-1333 1746
-1360 1080
-1995 -914
-2322 -4732
-577 -4016
-2289 -214
681 -755
2400 -1433
-3447 -747
2014 1762
149 -1394
1665 1958
-2005 -1250
1157 2546
1612 177
-2480 -552
1887 -1222
282 -1626
-1099 -4808
-560 3011
-2741 -3583
-2426 -1919
2476 857
1751 940
4085 4186
-2411 -998
-1216 -457
679 -885
3088 529
-1006 -3541
-2337 867
-249 532
-369 652
-469 388
-1998 887
-3320 1179
-503 -940
938 -1259
-2700 360
264 1020
864 -2236
1539 -1111
-898 -2522
295 -1536
-135 1082
-1947 -2275
-466 4519
-2264 -417
-3770 -1269
485 -5154
2749 -97
-5059 -620
-3031 -1358
-985 619
3143 2033
54 353
-128 3608
2113 1333
3572 160
355 -616
1244 190
-1541 542
-2044 1122
301 778
-263 3722
-111 -1560
-20 3317
-723 -1521
-724 2977
2525 -4554
2047 -104
-1055 -863
-378 1262
-1575 -3372
-801 1790
703 -2264
-2243 897
2929 1620
211 -1413
-3594 1950
467 2792
-1808 1656
-1922 -6669
510 -2014
-4188 2537
-164 206
-3343 928
-1609 1079
-460 -674
-702 -305
-2744 646
3027 -728
-420 209
1087 -661
495 189
-361 -90
60 -1882
1010 205
-3831 -193
-189 -833
-685 874
999 -3331
4981 4880
-1879 3628
-916 2283
1173 -816
3756 3765
-2228 1970
1305 -2671
2439 2487
1994 4549
-3348 -2930
470 3954
-194 906
249 1174
1309 -1189
912 -848
980 -3023
-2523 213
-1439 237
-1736 -3359
-926 2169
-2591 328
3406 -2390
-769 -115
84 2225
-1549 -3475
-3495 -2454
-1724 3427
-1245 545
-1421 -2154
2647 -2850
-3197 -2507
-1097 56
-827 -755
-1297 -2150
-354 952
-1114 -2105
-2491 2428
-2684 -662
-584 -2181
2411 -3493
-2729 -166
4339 -1481
1016 -1867
1790 -4073
-231 191
-1441 -332
3825 -1202
-28 -2083
-6310 1782
651 3523
1176 -4050
-2797 2015
-830 -2458
-3931 -2582
1556 2024
-2225 -430
-649 -2177
1849 1373
-507 1539
-129 -822
-3328 -667
1738 71
-1011 -2894
-1461 895
1070 1310
4033 -710
473 -4008
1112 -1667
-1513 -2033
-1134 103
1229 239
1279 -322
-1710 -1685
3427 -1124
-936 -1382
-1740 -562
-2816 4725
-1591 458
2157 -2149
1338 2295
-39 2733
-1646 -330
690 2804
602 11
-652 -1355
-1574 -1284
-4002 790
-2138 -353
2881 -867
2722 1498
-3672 2680
1581 567
713 -4830
4647 4437
5739 -2314
244 3170
619 1385
-1316 -910
-4445 1820
-307 4482
-3564 2138
-2726 1125
-1483 2110
717 -34
3673 1436
-1934 2207
4614 1973
1861 2484
-2021 -3675
-3470 -1993
1347 6480
-1158 -1059
-162 -1510
721 -1719
-531 2915
741 -410
1401 2156
205 -176
-1716 3194
2752 -405
1312 -2790
1247 -1587
-2051 962
1712 1015
1397 1735
851 -1420
-275 -739
336 -2053
-2693 -1927
517 -3130
222 3418
-1768 -2224
-906 -914
1964 -464
966 1869
3021 -1586
-2204 -1045
1526 -595
-1961 -2195
-302 -3164
-801 1315
2722 -3196
-1027 -1887
-460 -3852
-2142 -4472
887 848
-3751 437
-1561 -264
-4387 -184
318 -1631
-1773 2073
877 -496
-570 -1228
-2189 -833
-1402 -1227
681 -2772
-1088 2254
1691 924
353 -927
-869 3319
5540 -2177
3657 3920
2997 1330
996 -1190
-2773 1033
-379 492
-808 1189
861 -3339
2736 478
1131 346
1856 -2719
1519 3353
2615 1760
-668 -1477
-2309 1854
-26 1862
-2415 -2864
2872 -1896
1023 1965
-2270 -2815
897 -1216
-2314 3539
847 3113
-2163 -3692
-559 47
-723 1710
1691 -1989
4517 1468
-451 695
533 -2244
-831 141
-208 -702
-3710 -190
1191 -308
483 1915
747 4248
613 2938
-2229 -2293
3770 2592
-358 2513
-1521 -1626
411 -1722
-2563 3639
1214 1524
-347 2349
4332 -491
-366 1802
175 563
-2338 -5160
1228 353
-1971 -943
3262 -2137
-1599 -1418
-2429 706
-4339 1613
-1679 968
2144 610
2127 -1296
474 -1283
-1240 2268
-726 -2950
975 780
-3471 1093
-773 -4779
-3004 -658
639 -2398
1154 -1406
1068 1290
811 664
2221 29
1948 -338
-1767 -193
-2890 -1381
-1089 3497
-1579 3573
60 1656
2921 -1085
-764 -1751
-855 -1277
-1335 -2538
7379 -1995
3926 -2199
-84 -714
-2241 -253
418 -1127
-2815 -5158
-1056 1201
-2170 -581
-350 -1091
471 -1817
-2993 2250
-1581 -6181
4086 3608
-947 2705
1811 -2086
586 -1290
2886 446
-2624 -825
-852 -381
-3221 -3219
1517 -475
7141 322
1013 -1257
-17 2043
-2694 2329
-553 -169
-121 2659
-1585 -260
-3485 427
3409 -75
1586 2333
952 673
138 474
-1164 3297
2051 -3244
1787 -3699
3936 -31
-2285 1219
1035 -2282
3479 356
830 -3285
1646 -2188
417 2791
-2349 312
1754 -1324
-1023 -3534
2548 -1952
-426 -908
547 2700
2542 2299
-243 1448
2741 637
-439 446
1103 -890
3201 546
-1008 -172
-2275 -719
2037 -1688
1927 2915
2638 -1244
3260 177
3337 -2049
2526 -2403
-4062 311
1554 968
1329 -1346
-3406 -172
164 -3515
-3973 -3251
-976 -1206
-2380 -810
-683 379
1155 -2410
977 -4906
-604 -467
968 -2418
5051 -4456
-1368 -3044
-336 461
-92 -736
-2700 -3429
782 -2515
1092 4711
-3610 159
2440 2568
-944 1153
-26 -2591
-4842 308
-76 96
638 -625
2778 -3738
598 1241
3133 173
1214 -1676
-2983 330
1292 -2180
-1700 2256
1578 2124
195 389
309 619
-1347 -1425
456 -4590
-2123 4364
633 -1923
3302 2257
-1497 -2206
1269 1082
21 759
556 -1595
-1432 -4296
-4044 -1827
4788 4015
-2437 -1798
-4098 4078
1644 -1043
-2171 1875
359 -221
-3167 1800
-1089 -1546
568 418
1527 940
311 1555
2799 -1686
-604 1055
-2449 -1187
-3269 -783
1209 1610
-1919 -2370
-1158 -3637
-233 -1561
1471 2395
1285 -1915
-3163 542
4045 -2810
761 -2463
-1514 2640
-1719 267
1680 1270
1242 -1324
-797 5462
733 3220
1496 2006
2692 336
-3462 432
1807 977
-4526 -353
1305 -1882
-1316 1397
631 3570
-462 6263
-288 -1442
-499 1784
-1825 -534
-1817 -3750
-1230 1475
2094 1370
-184 1250
-1073 715
-2233 -1383
2204 1465
-635 -51
-2666 -135
-1691 7752
-1207 -1706
-1431 1952
1251 -3234
-1068 3332
4031 -1898
-688 425
2727 3329
1341 19
173 1027
1813 1442
1727 -2318
-380 -2525
-439 2230
3737 -1888
17 -1836
2697 2971
-275 -2088
-791 -2100
372 2418
-970 -314
-2213 2459
-3037 2510
1819 190
-1822 -507
-1121 24
-490 -2119
-693 -498
3970 -5411
813 4590
769 2435
720 2668
-1156 -734
-362 2900
-2583 2419
-1343 1519
-1018 324
2718 -8
-11 -2617
3787 3030
-4119 1080
3905 548
324 -1429
-2335 1213
326 1924
2498 4262
-11 1706
-365 1358
-342 -220
2490 468
1485 340
2784 1097
762 -4982
-547 -2415
-607 531
-45 -1229
-839 434
1100 482
3052 1974
2180 1336
429 1231
1814 -443
1043 4572
788 1428
0 4828
339 -644
2104 18
1685 4815
1451 -4372
-628 -2711
2603 -1110
61 1151
1701 1377
3405 -1000
-1493 -1297
-680 728
486 319
-1158 660
919 -943
2410 190
-1581 4422
-145 1088
-2591 1396
3698 1730
-1403 1617
2870 2415
-1927 -71
5799 8
561 -880
-1116 278
-2445 1701
-3492 -2847
827 -1882
-775 237
-253 2355
-1218 1978
-1587 4167
-4960 -2986
1802 -3549
-80 243
569 -145
-3038 -1560
-4706 -513
549 -2799
-737 854
2368 -514
-525 2679
-1733 3698
-26 707
-2360 1261
-3129 223
674 -1026
301 143
-1497 1623
-539 -1398
876 -1997
-3343 6485
461 -1387
444 235
-672 1765
2445 -1812
-4024 -1757
2414 -2487
2999 -1185
-650 -2677
-1910 1172
3969 2321
-566 -425
-3251 -706
1769 2954
2428 36
812 1332
1042 425
-17 5753
897 74
1403 1323
1028 -2233
784 -870
-2071 818
-1573 1447
-1112 319
566 156
-1584 4356
-930 -1635
-2191 2659
3216 -979
-1882 -2265
2744 2038
-898 -1397
2032 -111
-261 -3236
394 564
-172 1018
-2608 47
-1707 422
-3148 -1196
-270 3008
-1574 794
802 -177
-2968 656
-834 3014
-229 1142
-1833 2806
1205 -178
3 -1710
-5049 11
2354 716
-1548 3755
-2917 3242
849 -121
595 -815
126 -2942
660 2132
3169 1066
2155 -3359
-2724 -2595
-2129 1176
1306 -1371
-2236 41
-3259 879
-304 -1452
-440 -764
1878 -495
345 272
4306 1826
330 -4287
-3192 -633
-1158 2906
-875 134
361 751
1963 953
-704 1085
-1551 -1995
-1286 263
-631 1221
3086 -1043
2395 -811
1846 62
-1091 -620
749 -857
1672 -1982
279 922
225 1386
-5064 435
2245 -83
4643 -2626
-3024 -2072
717 581
188 1170
1357 -2352
-4522 -92
-3088 -3486
3992 366
1558 -980
-2273 -626
912 -147
568 708
3959 -1321
-2580 -465
494 -896
2662 3071
1092 3817
670 652
605 3061
-5846 -1899
-3223 165
861 -87
354 1508
-2220 3237
-1049 -524
3013 -1838
461 478
149 -2756
315 1645
-1504 -2809
608 -1830
-47 2239
-534 -3470
-1227 -91
2761 -2326
-444 -138
-1953 1259
-1213 -3233
-3613 1886
277 -3003
759 -56
-1401 -64
948 980
1927 -7080
-16 1714
-2478 3512
1208 1698
-1092 -590
-103 773
332 -550
2014 1771
1239 -873
-2354 -3281
-2164 1422
-4041 -340
1241 1982
5 456
456 461
963 724
2325 -2719
3125 -118
-3133 -1017
1893 -911
991 2369
2317 -495
-6393 609
-431 -622
382 1083
3913 174
659 2287
-968 -511
2248 2373
1021 1538
986 -4040
1759 -3147
1238 366
-2345 1030
262 -3244
-6511 -1391
33 -591
1904 2348
1776 758
93 -1900
-690 -2280
2702 1228
2899 666
-1539 1489
66 2159
-3338 1801
-2604 1449
-2461 -1894
-475 941
-2613 -2381
3977 -3280
-5170 1588
1280 -1354
77 5351
2850 3997
2909 2459
483 321
259 595
-3138 1241
-1033 -934
1582 2441
-1886 -3812
1741 4059
1760 1171
2266 -2868
-2072 -59
-3448 728
-4962 -2151
-172 -707
2873 -1305
1866 -3354
-1839 2670
-259 1402
-975 -2395
-26 -76
-2541 1939
2557 -5344
-3892 975
1061 847
536 797
-692 -874
-455 2412
1524 -4499
229 1463
-2180 -1933
-2343 -1886
-1442 1856
324 4745
-2032 -38
-922 -3089
-2476 4690
2477 -3026
-1095 2047
4524 -285
2403 1701
-3601 -401
1347 -639
-712 256
-2390 -499
3202 -103
3821 2416
1321 1274
-3968 -1905
525 7
-1042 292
-2062 -491
851 -576
-1265 1182
-1463 224
-1484 1559
4475 1212
1024 -1980
-2828 -464
4270 -1172
2694 1817
700 1268
4203 -1611
3444 -1021
3701 1971
-2537 1429
-670 -591
587 -1172
-1096 -1052
3201 7230
102 -2980
1949 -2218
-213 3315
2390 -1676
-3521 1352
1808 2690
2335 1608
-1457 -2438
-1452 1596
455 2631
-932 1996
533 1329
726 -3685
-1511 961
937 2638
-3134 -754
-569 741
3130 -255
1160 1250
1514 -659
-4035 4455
-3474 -1452
1470 -3481
-3170 -502
-1809 1714
203 -1013
1451 2728
1284 -405
3860 573
839 -3769
1266 -4527
-2522 -31
1019 -700
2665 -4177
3553 1538
2617 656
1140 -4165
266 236
-659 1644
-4875 1101
2911 3448
-1068 515
-1821 -459
818 -324
1344 168
2295 2410
1601 2014
-1255 775
1043 -2565
401 7047
242 2263
3136 3187
34 2620
3489 129
-2107 2330
1051 -2759
2903 -1685
4147 -1260
1603 2198
-718 -416
40 -945
-3332 1541
-1726 3565
-2027 -2924
-110 -1853
395 288
409 -748
1198 -1623
-703 -2111
812 -2180
3790 -1139
2954 -1337
-240 -1632
-1014 4996
1269 3489
-309 -1931
121 273
3796 1891
1358 1081
-2312 564
44 -694
-276 -2079
-4000 3248
1653 1235
852 -290
-2567 1412
-207 -522
546 931
-1399 -1605
2081 2710
-4042 -4263
-1595 -2375
-128 -3389
-521 -2137
3250 2616
-2842 -827
1240 1968
1441 -2543
-1160 -6430
-924 -1150
172 -1554
101 2536
403 -2229
-3437 -1829
-3928 4063
991 -836
1894 -1584
3210 -1074
1623 -1978
96 671
1036 -664
-1307 1769
-836 473
-2027 3978
-1080 376
-1135 3262
4685 1501
881 -1062
2455 2849
-3425 -3323
632 -2148
691 -738
877 2533
4339 1194
323 -5185
799 913
-1480 1360
2225 -953
-961 961
1548 1530
-670 -1898
-986 -5257
63 2894
-161 -816
-2088 2109
-688 -2120
-445 -577
-1094 -2538
-3047 2427
3436 -1060
-178 -385
1634 -1220
2643 890
1469 -3986
1379 630
-520 -1574
-424 120
1546 3379
-574 -1702
966 2922
-1606 719
1090 -2115
910 1274
2606 -1111
1642 136
1074 3100
-2873 2042
1507 346
2658 2780
-1388 -867
814 -391
-5511 146
-2130 168
-1510 -1161
321 -471
-1214 1557
3497 -220
-3428 -546
-1810 2524
-1392 4813
2814 -300
-1103 -2568
-2190 1034
-1680 -604
-288 250
-576 224
2497 3720
2264 -925
1171 -118
4332 -2026
-1327 -981
1971 -1711
1270 -3860
3086 1646
1602 -1653
2964 3155
-1612 -959
1693 -2372
-5004 3421
435 738
-1359 1693
-3948 -428
-2226 1916
2970 1463
-178 -2313
-653 -219
-1172 -1421
930 -580
1843 -4508
-3055 847
40 -1235
2613 -2042
1774 751
689 -2904
-510 -389
1167 538
-4611 4799
1183 453
-722 -1084
2025 3817
4254 4993
-791 987
2994 437
1295 -736
3613 4228
1455 -4124
-4105 -816
-2319 -1005
1297 -1525
-1997 -268
-26 2022
-6990 -1879
690 -3604
-1328 -2091
-2012 112
-154 -1797
1697 3381
-2126 -5356
2932 -2363
5281 241
-3196 -1777
2171 840
3639 856
-75 1113
5906 -2017
-3292 1749
-396 1575
-1548 -729
-914 1720
648 1007
1901 1416
-1264 -2448
-2912 2277
1660 1114
1587 -4589
-550 1681
6166 175
-988 1496
880 -1173
-752 -6139
4873 1045
-2384 2228
130 2663
3899 1977
-2443 -1182
-1820 725
-1136 -1399
-187 3759
1543 2043
1254 1748
-86 935
51 -22
-3453 268
-3093 3152
-2388 -2920
-2726 1683
897 -547
1102 -799
-1876 4840
2753 21
1910 -118
341 -179
-2662 2010
-1569 1828
-2084 366
866 432
-435 -926
-250 2190
1191 -4059
-55 579
2354 -3730
-604 -112
-1437 -2631
-2309 932
-1865 3014
-1829 3346
66 -1773
2704 -1924
3409 1078
-1991 1239
-1935 -872
2612 -713
1650 -1338
4991 304
2482 -3338
3167 359
-1141 78
-3356 -1232
-3915 -356
1492 -1042
-882 -39
4518 -92
215 -1009
1343 -1720
17 118
-3016 -1983
-1122 636
-623 -746
1694 -2254
-1096 1006
-2449 -548
5513 2391
1025 1251
-2884 -203
-2049 -931
308 4547
-2596 1107
299 -2212
-2965 4292
-1079 -359
3386 1066
-619 1147
1112 -1550
2363 -3809
25 228
6979 -1351
978 246
-792 -3547
2552 1751
2488 -705
-1010 -512
3810 -1639
191 -2244
-31 -1662
-2129 -87
-4421 -1422
-2543 2434
673 916
2449 -117
985 1920
3080 -2888
-1913 -1721
-1345 -1750
-83 -2195
735 -1197
5876 1094
2158 -2094
-21 1094
-1316 720
545 887
-1656 -2875
-2584 -1001
-2200 79
-1193 460
-350 771
-6136 4251
-926 -2719
-662 1570
3755 200
-112 -1943
-5132 -135
490 -409
822 1761
947 2934
-3085 1837
2250 2118
-2211 1055
1104 993
1040 -1744
3691 933
-2165 -1366
-2099 1381
-1565 -3680
38 1527
468 1372
212 -2160
-952 3250
-370 -934
995 270
1474 -4037
1733 1704
-1590 2962
5377 -2369
-1590 55
1918 -715
1019 4778
-54 -2422
3471 -2160
-1941 -31
-1036 2510
-1546 849
-978 954
2331 289
-458 -1277
1295 -5637
4066 -1078
1240 -1366
2391 -1475
859 -1369
1647 3288
-1123 243
-695 2212
438 -1839
-3282 740
-4718 -276
-2375 -2637
1597 -495
-2669 -948
-1292 1199
-48 3387
-523 -1058
178 463
2469 -111
-1122 -1941
-2872 -1840
1375 -1908
-2051 1188
1336 2152
-666 3633
-2959 -2353
663 -2940
-1453 -1074
3943 2368
158 -371
-1787 -851
-3358 870
1710 746
921 -297
2559 1360
-3520 422
3266 701
3300 2984
279 -624
2193 -2242
-1200 -5439
1595 706
-173 -2779
2144 1538
-409 -1311
-1920 1953
-1327 2336
2856 1104
3457 22
974 287
2163 -2824
384 -1334
-1341 1399
2033 -1870
1856 3217
2330 -7463
75 1774
1651 2630
-2078 -3787
-733 -2391
-4674 -657
732 2516
277 1818
2793 898
-3893 213
1123 -1048
922 -1829
-2450 284
3556 2606
3283 -328
1492 368
-678 -1975
-1819 1712
1464 3867
5589 1821
-933 2276
278 2104
3189 -6024
578 -2431
256 479
495 1029
-349 63
2697 -90
-220 -1551
894 1994
-1346 1886
2324 -836
-562 -1502
-1430 869
-1568 -1185
4587 4104
1962 -1150
-4715 415
-2187 -1436
2320 -544
-792 2496
-164 1057
-685 -632
1609 -104
16 -1601
-2030 334
-1353 376
-1094 -2477
1640 -376
-898 254
2051 4250
-3897 -2102
913 -1527
1506 -2312
-1740 -1719
-1780 1502
-1835 -1118
-154 -401
3336 368
3289 919
198 2150
-4100 1992
-3450 66
853 2448
2812 3960
-804 6531
-434 408
1105 -1518
-1116 -108
2326 1192
-2668 5447
-1630 -421
-206 57
-2490 2973
541 -1881
1032 -433
-260 312
-240 -130
-3060 1362
-3740 -4388
-1829 -5213
414 124
-1216 2928
777 830
1110 1746
-2422 -1400
-427 -310
169 3177
-1419 3724
-4035 -755
-3964 3576
1104 -2948
-3765 -2175
1398 -570
2374 1697
-640 -600
-64 2568
3445 -1783
-940 1361
781 -974
393 1605
3952 1900
-2873 -3105
386 134
879 -371
-4923 4912
-1200 2728
464 2810
1746 -4872
246 -3225
-5271 -1876
-317 66
4706 2035
2816 465
1518 -2952
-2016 -2788
2837 4651
456 -242
2239 -175
-1235 747
-1213 305
667 2353
-1773 1358
363 2504
2486 -1495
-4001 -3396
-1109 2477
5776 2957
1915 -2513
-815 -372
-3947 4368
-5561 -1740
1209 1443
1332 1204
135 533
-2499 1001
6237 -2192
-2113 -2471
-2285 -321
-622 -2545
-617 1239
-2966 138
3663 -2247
-1208 -1072
-1104 -3438
2775 48
-2177 -2723
1084 -561
-3814 3645
2186 -1045
-211 -1827
763 -2408
60 -525
-1571 -424
-1273 -456
921 820
2314 -376
-545 -2486
-3268 -4034
3648 -709
114 3305
-630 613
-3202 -4803
151 2370
1852 1453
-1510 2341
-1836 4003
-287 -3704
-1965 -2376
-3096 1060
-2542 2659
2477 -2559
-139 -1328
-3377 771
-2328 1356
1150 -1217
-555 -1524
1856 67
-2971 625
-2247 -180
1355 -1095
2961 -326
1849 883
1656 -572
-1171 -2602
3475 -40
-1174 -513
1852 -1879
-1494 -5110
443 -688
1447 -2219
673 3942
-227 650
834 1854
-682 2358
313 -538
1515 -2717
3606 -3242
-48 937
952 1026
1346 -1186
-381 383
1181 -3025
-2736 -1287
-3605 -3821
-389 -1114
2803 156
1721 2886
24 5299
-86 1225
2919 3459
-2638 -2732
-6306 -3873
2498 934
-2300 -1791
1821 2271
1923 8
-311 559
254 -2962
4816 1359
-2995 1621
-517 -890
873 82
2502 -1636
-328 1080
369 -134
-125 -2566
1215 1288
2330 399
-3403 -2423
-596 3303
-3411 248
1861 -2946
-3178 -116
-2429 -3189
-3687 1328
1093 1916
3137 289
2399 1562
1555 -690
1964 3327
-1529 307
1144 54
-686 251
-1398 -2197
381 -1849
2168 225
-660 1471
2089 1986
-195 842
1104 2076
2359 217
290 -3160
-123 -380
-574 -22
-2733 -1419
1390 -310
4699 -2022
981 1746
-774 -1240
1119 1641
1833 2195
-248 235
4586 -1095
-2247 1322
-1523 -803
-2881 228
1307 4445
1156 525
1917 663
-2635 1477
3694 -2088
-850 -1153
-3341 1819
971 -1606
-592 -1633
55 1902
-272 3367
-1860 2266
-3435 -506
714 1166
-1999 4835
24 477
1037 3119
-325 -677
-190 386
-4462 -2149
1363 -2996
1516 -2521
2751 -3553
-919 3
744 -1229
-5444 -526
1249 -90
-162 617
-1473 933
-4109 1786
135 2181
-1915 1244
-1667 -260
872 2154
-5306 1480
-27 1000
1956 234
620 3005
-6231 -3264
429 -1998
1534 2103
-2404 1197
1750 -621
-3128 -1158
3016 813
868 1213
-2388 153
1712 4252
-1079 1104
-205 -3963
974 -2664
1916 -910
4328 -493
-1807 -934
393 -1945
1881 8533
259 -619
-2852 -2663
634 2058
1214 196
228 619
1529 240
-507 294
7084 934
-1389 354
-1534 4463
-4743 -1142
-865 739
182 -930
-801 1339
-1403 502
620 1928
-1970 1226
-1834 2101
-2013 903
2353 -407
2590 -2759
1728 -3153
-5356 4852
1911 1671
2993 -723
-4538 160
-789 -86
-1291 -729
-2419 1555
-2108 1341
2404 -2150
-1127 2931
-1257 2977
410 -3
1847 -3044
-1591 283
31 -4251
1995 -796
-5392 1270
21 371
-104 214
-5204 -944
3243 -505
-2000 -2791
3942 -468
-122 -1414
-2015 2233
703 1313
-1296 1519
2963 -2343
5021 -1265
1639 4293
-2052 -2852
1026 4320
-1398 4348
-2608 2219
2439 2546
495 1015
243 -1187
3676 3188
5 1188
1416 2712
4245 2907
1376 -1097
1433 -1838
-1068 1962
-3426 2463
-1813 -1125
533 3739
4195 1820
-407 -1067
1660 2186
205 -902
2071 -1608
800 -397
333 -583
3252 -948
-1289 -2266
-649 1580
2738 -1960
347 -307
1502 773
-4164 -3938
1101 925
-1058 -858
-1140 -5287
3327 150
-2561 358
3469 -7
-1249 124
481 1290
2307 959
-1605 3895
-1592 1874
-3878 -393
-4147 1238
-442 -867
-2387 -3295
1808 -981
1400 -3692
-1176 44
2768 -4954
3818 969
-273 -3485
-2855 37
-1778 -1537
3239 -1693
-1851 -451
549 -2314
806 872
1492 -2631
-3314 1038
-125 -2371
-1983 4186
-812 1243
-2509 1674
4580 -1251
-1633 1129
-478 312
602 -1379
-1684 1849
1652 190
324 -1549
-2206 -1632
685 3387
-2702 -1522
389 -5049
1957 -1662
4797 -853
1063 1229
399 1841
840 1476
-5983 372
-1244 3942
-2794 -1980
437 1543
1055 1004
-550 534
-1214 -617
3572 2251
711 3707
3333 -78
-2683 -1181
270 1474
-785 -1052
807 -17
3878 -4143
1280 -837
803 -3577
-1378 3822
1527 613
-4460 3116
-1847 1415
-995 -3710
-466 -493
558 548
2669 1242
33 -1925
197 2472
-2068 -225
-1441 -5395
2740 -1614
117 -1484
-1475 -117
2580 -1501
973 -388
-574 1791
1696 2107
2689 1554
-699 277
-487 -258
946 -1703
3268 -1337
2383 -3361
-1419 -53
-1516 3170
-1834 -16
3903 1672
1465 147
124 1169
-808 5451
2367 3033
-2131 2655
-5514 -579
1964 -163
2974 2241
-1369 -4676
-1366 -2591
969 -232
2610 1828
-2727 1978
-3632 -1960
-773 -1237
1404 326
1237 2333
-2334 4748
948 423
-929 861
-113 -426
-83 766
1017 1467
1 2016
3747 -1446
-5109 3858
-4397 -2184
-242 -4218
1112 2717
3181 135
-2487 -1057
-306 1051
-582 -3346
-5818 -3174
4831 -2127
-1802 2044
-404 2150
-540 -3883
2354 1663
-1723 -2155
1278 -107
253 -2858
-832 5425
976 -3740
141 -2662
-950 -807
-24 3565
749 -4941
-1982 1152
-2659 3411
-1069 -534
-1166 1011
-890 -1522
2065 -3228
-4042 -1943
-2276 292
2264 2392
-1199 511
918 -1653
3384 -1909
-2161 -2866
1666 -170
-3417 1564
543 -163
-1899 3765
-2002 -1391
843 -3307
3580 2832
932 1616
-561 -449
2040 -27
-160 -5025
-3168 -2476
-622 -1462
1493 636
-2389 764
-1419 -584
-684 2001
923 2977
3793 -1034
-1045 -281
1639 1866
1894 47
-1330 245
-95 293
-647 -700
416 -1717
-147 576
-1993 -1773
135 235
2445 457
-1995 -1288
-2989 -1352
1372 -4766
-1129 -1434
826 818
-1129 3026
1405 3445
1046 -755
1491 -79
1151 -255
5108 1295
1567 -2750
1503 1924
-207 738
2717 3374
-3950 835
3450 -4900
5846 -513
1105 -14
4700 -518
2381 966
-2381 -564
1609 1581
3796 -106
-3847 1599
1930 -378
2698 1204
-3923 -2114
1584 -711
2327 -2766
813 -1427
-43 -586
-1456 5514
2430 1947
2103 -3198
727 -1113
-1126 -3725
979 -2297
-1034 243
1994 -1564
-891 -2782
1627 -4777
-1439 -470
-241 -4377
-1071 -846
-216 1324
-467 743
4658 1985
-2144 -778
1662 -248
-1199 232
-1804 -2785
-1142 584
-816 827
-989 4404
-2148 -99
94 2443
2739 -250
-2780 -1624
2383 -3242
-2255 2339
1214 -4959
2145 4523
-1596 1225
-82 -1935
-2877 -2200
778 262
1529 1061
-977 209
-1249 57
-2658 203
350 -1214
-5013 2307
762 -2171
-1199 -1003
3450 -1685
813 2697
-2153 2455
2445 245
986 -1324
5028 -2399
2578 1131
-4113 -2749
2099 175
-540 1379
2822 -1413
2554 2811
1321 -978
-552 4593
-4428 -2153
-1826 -414
3231 -81
-1429 2351
-1543 -280
-3790 1579
-5215 -1437
-2142 -1742
-2470 774
-2513 -1935
-1355 -597
701 430
-1134 3417
-1019 1996
355 943
2359 -557
1350 -1200
965 1875
1071 -913
3736 3321
1887 -171
320 -2993
1346 385
-2602 -288
2305 1337
1188 -3766
1055 -3243
-3570 2859
-3713 803
717 1522
-1988 -3286
-1047 -676
-3463 -4135
-1830 732
-4528 -3956
-3252 -1518
418 -2563
1307 -1898
3672 -3158
618 -1418
343 3071
-993 -297
-1333 1746
-1360 1080
-1995 -914
-2322 -4732
-577 -4016
-2289 -214
681 -755
2400 -1433
-3447 -747
2014 1762
149 -1394
1665 1958
-2005 -1250
1157 2546
1612 177
-2480 -552
1887 -1222
282 -1626
-1099 -4808
-560 3011
-2741 -3583
-2426 -1919
2476 857
1751 940
4085 4186
-2411 -998
-1216 -457
679 -885
3088 529
-1006 -3541
-2337 867
-249 532
-369 652
-469 388
-1998 887
-3320 1179
-503 -940
938 -1259
-2700 360
264 1020
864 -2236
1539 -1111
-898 -2522
295 -1536
-135 1082
-1947 -2275
-466 4519
-2264 -417
-3770 -1269
485 -5154
2749 -97
-5059 -620
-3031 -1358
-985 619
3143 2033
54 353
-128 3608
2113 1333
3572 160
355 -616
1244 190
-1541 542
-2044 1122
301 778
-263 3722
-111 -1560
-20 3317
-723 -1521
-724 2977
2525 -4554
2047 -104
-1055 -863
-378 1262
-1575 -3372
-801 1790
703 -2264
-2243 897
2929 1620
211 -1413
-3594 1950
467 2792
-1808 1656
-1922 -6669
510 -2014
-4188 2537
-164 206
-3343 928
-1609 1079
-460 -674
-702 -305
-2744 646
3027 -728
-420 209
1087 -661
495 189
-361 -90
60 -1882
1010 205
-3831 -193
-189 -833
-685 874
999 -3331
4981 4880
-1879 3628
-916 2283
1173 -816
3756 3765
-2228 1970
1305 -2671
2439 2487
1994 4549
-3348 -2930
470 3954
-194 906
249 1174
1309 -1189
912 -848
980 -3023
-2523 213
-1439 237
-1736 -3359
-926 2169
-2591 328
3406 -2390
-769 -115
84 2225
-1549 -3475
-3495 -2454
-1724 3427
-1245 545
-1421 -2154
2647 -2850
-3197 -2507
-1097 56
-827 -755
-1297 -2150
-354 952
-1114 -2105
-2491 2428
-2684 -662
-584 -2181
2411 -3493
-2729 -166
4339 -1481
1016 -1867
1790 -4073
-231 191
-1441 -332
3825 -1202
-28 -2083
-6310 1782
651 3523
1176 -4050
-2797 2015
-830 -2458
-3931 -2582
1556 2024
-2225 -430
-649 -2177
1849 1373
-507 1539
-129 -822
-3328 -667
1738 71
-1011 -2894
-1461 895
1070 1310
4033 -710
473 -4008
1112 -1667
-1513 -2033
-1134 103
1229 239
1279 -322
-1710 -1685
3427 -1124
-936 -1382
-1740 -562
-2816 4725
-1591 458
2157 -2149
1338 2295
-39 2733
-1646 -330
690 2804
602 11
-652 -1355
-1574 -1284
-4002 790
-2138 -353
2881 -867
2722 1498
-3672 2680
1581 567
713 -4830
4647 4437
5739 -2314
244 3170
619 1385
-1316 -910
-4445 1820
-307 4482
-3564 2138
-2726 1125
-1483 2110
717 -34
3673 1436
-1934 2207
4614 1973
1861 2484
-2021 -3675
-3470 -1993
1347 6480
-1158 -1059
-162 -1510
721 -1719
-531 2915
741 -410
1401 2156
205 -176
-1716 3194
2752 -405
1312 -2790
1247 -1587
-2051 962
1712 1015
1397 1735
851 -1420
-275 -739
336 -2053
-2693 -1927
517 -3130
222 3418
-1768 -2224
-906 -914
1964 -464
966 1869
3021 -1586
-2204 -1045
1526 -595
-1961 -2195
-302 -3164
-801 1315
2722 -3196
-1027 -1887
-460 -3852
-2142 -4472
887 848
-3751 437
-1561 -264
-4387 -184
318 -1631
-1773 2073
877 -496
-570 -1228
-2189 -833
-1402 -1227
681 -2772
-1088 2254
1691 924
353 -927
-869 3319
5540 -2177
3657 3920
2997 1330
996 -1190
-2773 1033
-379 492
-808 1189
861 -3339
2736 478
1131 346
1856 -2719
1519 3353
2615 1760
-668 -1477
-2309 1854
-26 1862
-2415 -2864
2872 -1896
1023 1965
-2270 -2815
897 -1216
-2314 3539
847 3113
-2163 -3692
-559 47
-723 1710
1691 -1989
4517 1468
-451 695
533 -2244
-831 141
-208 -702
-3710 -190
1191 -308
483 1915
747 4248
613 2938
-2229 -2293
3770 2592
-358 2513
-1521 -1626
411 -1722
-2563 3639
1214 1524
-347 2349
4332 -491
-366 1802
175 563
-2338 -5160
1228 353
-1971 -943
3262 -2137
-1599 -1418
-2429 706
-4339 1613
-1679 968
2144 610
2127 -1296
474 -1283
-1240 2268
-726 -2950
975 780
-3471 1093
-773 -4779
-3004 -658
639 -2398
1154 -1406
1068 1290
811 664
2221 29
1948 -338
-1767 -193
-2890 -1381
-1089 3497
-1579 3573
60 1656
2921 -1085
-764 -1751
-855 -1277
-1335 -2538
7379 -1995
3926 -2199
-84 -714
-2241 -253
418 -1127
-2815 -5158
-1056 1201
-2170 -581
-350 -1091
471 -1817
-2993 2250
-1581 -6181
4086 3608
-947 2705
1811 -2086
586 -1290
2886 446
-2624 -825
-852 -381
-3221 -3219
1517 -475
7141 322
1013 -1257
-17 2043
-2694 2329
-553 -169
-121 2659
-1585 -260
-3485 427
3409 -75
1586 2333
952 673
138 474
-1164 3297
2051 -3244
1787 -3699
3936 -31
-2285 1219
1035 -2282
3479 356
830 -3285
1646 -2188
417 2791
-2349 312
1754 -1324
-1023 -3534
2548 -1952
-426 -908
547 2700
2542 2299
-243 1448
2741 637
-439 446
1103 -890
3201 546
-1008 -172
-2275 -719
2037 -1688
1927 2915
2638 -1244
3260 177
3337 -2049
2526 -2403
-4062 311
1554 968
1329 -1346
-3406 -172
164 -3515
-3973 -3251
-976 -1206
-2380 -810
-683 379
1155 -2410
977 -4906
-604 -467
968 -2418
5051 -4456
-1368 -3044
-336 461
-92 -736
-2700 -3429
782 -2515
1092 4711
-3610 159
2440 2568
-944 1153
-26 -2591
-4842 308
-76 96
638 -625
2778 -3738
598 1241
3133 173
1214 -1676
-2983 330
1292 -2180
-1700 2256
1578 2124
195 389
309 619
-1347 -1425
456 -4590
-2123 4364
633 -1923
3302 2257
-1497 -2206
1269 1082
21 759
556 -1595
-1432 -4296
-4044 -1827
4788 4015
-2437 -1798
-4098 4078
1644 -1043
-2171 1875
359 -221
-3167 1800
-1089 -1546
568 418
1527 940
311 1555
2799 -1686
-604 1055
-2449 -1187
-3269 -783
1209 1610
-1919 -2370
-1158 -3637
-233 -1561
1471 2395
1285 -1915
-3163 542
4045 -2810
761 -2463
-1514 2640
-1719 267
1680 1270
1242 -1324
-797 5462
733 3220
1496 2006
2692 336
-3462 432
1807 977
-4526 -353
1305 -1882
-1316 1397
631 3570
-462 6263
-288 -1442
-499 1784
-1825 -534
-1817 -3750
-1230 1475
2094 1370
-184 1250
-1073 715
-2233 -1383
2204 1465
-635 -51
-2666 -135
-1691 7752
-1207 -1706
-1431 1952
1251 -3234
-1068 3332
4031 -1898
-688 425
2727 3329
1341 19
173 1027
1813 1442
1727 -2318
-380 -2525
-439 2230
3737 -1888
17 -1836
2697 2971
-275 -2088
-791 -2100
372 2418
-970 -314
-2213 2459
-3037 2510
1819 190
-1822 -507
-1121 24
-490 -2119
-693 -498
3970 -5411
813 4590
769 2435
720 2668
-1156 -734
-362 2900
-2583 2419
-1343 1519
-1018 324
2718 -8
-11 -2617
3787 3030
-4119 1080
3905 548
324 -1429
-2335 1213
326 1924
2498 4262
-11 1706
-365 1358
-342 -220
2490 468
1485 340
2784 1097
762 -4982
-547 -2415
-607 531
-45 -1229
-839 434
1100 482
3052 1974
2180 1336
429 1231
1814 -443
1043 4572
788 1428
0 4828
339 -644
2104 18
1685 4815
1451 -4372
-628 -2711
2603 -1110
61 1151
1701 1377
3405 -1000
-1493 -1297
-680 728
486 319
-1158 660
919 -943
2410 190
-1581 4422
-145 1088
-2591 1396
3698 1730
-1403 1617
2870 2415
-1927 -71
5799 8
561 -880
-1116 278
-2445 1701
-3492 -2847
827 -1882
-775 237
-253 2355
-1218 1978
-1587 4167
-4960 -2986
1802 -3549
-80 243
569 -145
-3038 -1560
-4706 -513
549 -2799
-737 854
2368 -514
-525 2679
-1733 3698
-26 707
-2360 1261
-3129 223
674 -1026
301 143
-1497 1623
-539 -1398
876 -1997
-3343 6485
461 -1387
444 235
-672 1765
2445 -1812
-4024 -1757
2414 -2487
2999 -1185
-650 -2677
-1910 1172
3969 2321
-566 -425
-3251 -706
1769 2954
2428 36
812 1332
1042 425
-17 5753
897 74
1403 1323
1028 -2233
784 -870
-2071 818
-1573 1447
-1112 319
566 156
-1584 4356
-930 -1635
-2191 2659
3216 -979
-1882 -2265
2744 2038
-898 -1397
2032 -111
-261 -3236
394 564
-172 1018
-2608 47
-1707 422
-3148 -1196
-270 3008
-1574 794
802 -177
-2968 656
-834 3014
-229 1142
-1833 2806
1205 -178
3 -1710
-5049 11
2354 716
-1548 3755
-2917 3242
849 -121
595 -815
126 -2942
660 2132
3169 1066
2155 -3359
-2724 -2595
-2129 1176
1306 -1371
-2236 41
-3259 879
-304 -1452
-440 -764
1878 -495
345 272
4306 1826
330 -4287
-3192 -633
-1158 2906
-875 134
361 751
1963 953
-704 1085
-1551 -1995
-1286 263
-631 1221
3086 -1043
2395 -811
1846 62
-1091 -620
749 -857
1672 -1982
279 922
225 1386
-5064 435
2245 -83
4643 -2626
-3024 -2072
717 581
188 1170
1357 -2352
-4522 -92
-3088 -3486
3992 366
1558 -980
-2273 -626
912 -147
568 708
3959 -1321
-2580 -465
494 -896
2662 3071
1092 3817
670 652
605 3061
-5846 -1899
-3223 165
861 -87
354 1508
-2220 3237
-1049 -524
3013 -1838
461 478
149 -2756
315 1645
-1504 -2809
608 -1830
-47 2239
-534 -3470
-1227 -91
2761 -2326
-444 -138
-1953 1259
-1213 -3233
-3613 1886
277 -3003
759 -56
-1401 -64
948 980
1927 -7080
-16 1714
-2478 3512
1208 1698
-1092 -590
-103 773
332 -550
2014 1771
1239 -873
-2354 -3281
-2164 1422
-4041 -340
1241 1982
5 456
456 461
963 724
2325 -2719
3125 -118
-3133 -1017
1893 -911
991 2369
2317 -495
-6393 609
-431 -622
382 1083
3913 174
659 2287
-968 -511
2248 2373
1021 1538
986 -4040
1759 -3147
1238 366
-2345 1030
262 -3244
-6511 -1391
33 -591
1904 2348
1776 758
93 -1900
-690 -2280
2702 1228
2899 666
-1539 1489
66 2159
-3338 1801
-2604 1449
-2461 -1894
-475 941
-2613 -2381
3977 -3280
-5170 1588
1280 -1354
77 5351
2850 3997
2909 2459
483 321
259 595
-3138 1241
-1033 -934
1582 2441
-1886 -3812
1741 4059
1760 1171
2266 -2868
-2072 -59
-3448 728
-4962 -2151
-172 -707
2873 -1305
1866 -3354
-1839 2670
-259 1402
-975 -2395
-26 -76
-2541 1939
2557 -5344
-3892 975
1061 847
536 797
-692 -874
-455 2412
1524 -4499
229 1463
-2180 -1933
-2343 -1886
-1442 1856
324 4745
-2032 -38
-922 -3089
-2476 4690
2477 -3026
-1095 2047
4524 -285
2403 1701
-3601 -401
1347 -639
-712 256
-2390 -499
3202 -103
3821 2416
1321 1274
-3968 -1905
525 7
-1042 292
-2062 -491
851 -576
-1265 1182
-1463 224
-1484 1559
4475 1212
1024 -1980
-2828 -464
4270 -1172
2694 1817
700 1268
4203 -1611
3444 -1021
3701 1971
-2537 1429
-670 -591
587 -1172
-1096 -1052
3201 7230
102 -2980
1949 -2218
-213 3315
2390 -1676
-3521 1352
1808 2690
2335 1608
-1457 -2438
-1452 1596
455 2631
-932 1996
533 1329
726 -3685
-1511 961
937 2638
-3134 -754
-569 741
3130 -255
1160 1250
1514 -659
-4035 4455
-3474 -1452
1470 -3481
-3170 -502
-1809 1714
203 -1013
1451 2728
1284 -405
3860 573
839 -3769
1266 -4527
-2522 -31
1019 -700
2665 -4177
3553 1538
2617 656
1140 -4165
266 236
-659 1644
-4875 1101
2911 3448
-1068 515
-1821 -459
818 -324
1344 168
2295 2410
1601 2014
-1255 775
1043 -2565
401 7047
242 2263
3136 3187
34 2620
3489 129
-2107 2330
1051 -2759
2903 -1685
4147 -1260
1603 2198
-718 -416
40 -945
-3332 1541
-1726 3565
-2027 -2924
-110 -1853
395 288
409 -748
1198 -1623
-703 -2111
812 -2180
3790 -1139
2954 -1337
-240 -1632
-1014 4996
1269 3489
-309 -1931
121 273
3796 1891
1358 1081
-2312 564
44 -694
-276 -2079
-4000 3248
1653 1235
852 -290
-2567 1412
-207 -522
546 931
-1399 -1605
2081 2710
-4042 -4263
-1595 -2375
-128 -3389
-521 -2137
3250 2616
-2842 -827
1240 1968
1441 -2543
-1160 -6430
-924 -1150
172 -1554
101 2536
403 -2229
-3437 -1829
-3928 4063
991 -836
1894 -1584
3210 -1074
1623 -1978
96 671
1036 -664
-1307 1769
-836 473
-2027 3978
-1080 376
-1135 3262
4685 1501
881 -1062
2455 2849
-3425 -3323
632 -2148
691 -738
877 2533
4339 1194
323 -5185
799 913
-1480 1360
2225 -953
-961 961
1548 1530
-670 -1898
-986 -5257
63 2894
-161 -816
-2088 2109
-688 -2120
-445 -577
-1094 -2538
-3047 2427
3436 -1060
-178 -385
1634 -1220
2643 890
1469 -3986
1379 630
-520 -1574
-424 120
1546 3379
-574 -1702
966 2922
-1606 719
1090 -2115
910 1274
2606 -1111
1642 136
1074 3100
-2873 2042
1507 346
2658 2780
-1388 -867
814 -391
-5511 146
-2130 168
-1510 -1161
321 -471
-1214 1557
3497 -220
-3428 -546
-1810 2524
-1392 4813
2814 -300
-1103 -2568
-2190 1034
-1680 -604
-288 250
-576 224
2497 3720
2264 -925
1171 -118
4332 -2026
-1327 -981
1971 -1711
1270 -3860
3086 1646
1602 -1653
2964 3155
-1612 -959
1693 -2372
-5004 3421
435 738
-1359 1693
-3948 -428
-2226 1916
2970 1463
-178 -2313
-653 -219
-1172 -1421
930 -580
1843 -4508
-3055 847
40 -1235
2613 -2042
1774 751
689 -2904
-510 -389
1167 538
-4611 4799
1183 453
-722 -1084
2025 3817
4254 4993
-791 987
2994 437
1295 -736
3613 4228
1455 -4124
-4105 -816
-2319 -1005
1297 -1525
-1997 -268
-26 2022
-6990 -1879
690 -3604
-1328 -2091
-2012 112
-154 -1797
1697 3381
-2126 -5356
2932 -2363
5281 241
-3196 -1777
2171 840
3639 856
-75 1113
5906 -2017
-3292 1749
-396 1575
-1548 -729
-914 1720
648 1007
1901 1416
-1264 -2448
-2912 2277
1660 1114
1587 -4589
-550 1681
6166 175
-988 1496
880 -1173
-752 -6139
4873 1045
-2384 2228
130 2663
3899 1977
-2443 -1182
-1820 725
-1136 -1399
-187 3759
1543 2043
1254 1748
-86 935
51 -22
-3453 268
-3093 3152
-2388 -2920
-2726 1683
897 -547
1102 -799
-1876 4840
2753 21
1910 -118
341 -179
-2662 2010
-1569 1828
-2084 366
866 432
-435 -926
-250 2190
1191 -4059
-55 579
2354 -3730
-604 -112
-1437 -2631
-2309 932
-1865 3014
-1829 3346
66 -1773
2704 -1924
3409 1078
-1991 1239
-1935 -872
2612 -713
1650 -1338
4991 304
2482 -3338
3167 359
-1141 78
-3356 -1232
-3915 -356
1492 -1042
-882 -39
4518 -92
215 -1009
1343 -1720
17 118
-3016 -1983
-1122 636
-623 -746
1694 -2254
-1096 1006
-2449 -548
5513 2391
1025 1251
-2884 -203
-2049 -931
308 4547
-2596 1107
299 -2212
-2965 4292
-1079 -359
3386 1066
-619 1147
1112 -1550
2363 -3809
25 228
6979 -1351
978 246
-792 -3547
2552 1751
2488 -705
-1010 -512
3810 -1639
191 -2244
-31 -1662
-2129 -87
-4421 -1422
-2543 2434
673 916
2449 -117
985 1920
3080 -2888
-1913 -1721
-1345 -1750
-83 -2195
735 -1197
5876 1094
2158 -2094
-21 1094
-1316 720
545 887
-1656 -2875
-2584 -1001
-2200 79
-1193 460
-350 771
-6136 4251
-926 -2719
-662 1570
3755 200
-112 -1943
-5132 -135
490 -409
822 1761
947 2934
-3085 1837
2250 2118
-2211 1055
1104 993
1040 -1744
3691 933
-2165 -1366
-2099 1381
-1565 -3680
38 1527
468 1372
212 -2160
-952 3250
-370 -934
995 270
1474 -4037
1733 1704
-1590 2962
5377 -2369
-1590 55
1918 -715
1019 4778
-54 -2422
3471 -2160
-1941 -31
-1036 2510
-1546 849
-978 954
2331 289
-458 -1277
1295 -5637
4066 -1078
1240 -1366
2391 -1475
859 -1369
1647 3288
-1123 243
-695 2212
438 -1839
-3282 740
-4718 -276
-2375 -2637
1597 -495
-2669 -948
-1292 1199
-48 3387
-523 -1058
178 463
2469 -111
-1122 -1941
-2872 -1840
1375 -1908
-2051 1188
1336 2152
-666 3633
-2959 -2353
663 -2940
-1453 -1074
3943 2368
158 -371
-1787 -851
-3358 870
1710 746
921 -297
2559 1360
-3520 422
3266 701
3300 2984
279 -624
2193 -2242
-1200 -5439
1595 706
-173 -2779
2144 1538
-409 -1311
-1920 1953
-1327 2336
2856 1104
3457 22
974 287
2163 -2824
384 -1334
-1341 1399
2033 -1870
1856 3217
2330 -7463
75 1774
1651 2630
-2078 -3787
-733 -2391
-4674 -657
732 2516
277 1818
2793 898
-3893 213
1123 -1048
922 -1829
-2450 284
3556 2606
3283 -328
1492 368
-678 -1975
-1819 1712
1464 3867
5589 1821
-933 2276
278 2104
3189 -6024
578 -2431
256 479
495 1029
-349 63
2697 -90
-220 -1551
894 1994
-1346 1886
2324 -836
-562 -1502
-1430 869
-1568 -1185
4587 4104
1962 -1150
-4715 415
-2187 -1436
2320 -544
-792 2496
-164 1057
-685 -632
1609 -104
16 -1601
-2030 334
-1353 376
-1094 -2477
1640 -376
-898 254
2051 4250
-3897 -2102
913 -1527
1506 -2312
-1740 -1719
-1780 1502
-1835 -1118
-154 -401
3336 368
3289 919
198 2150
-4100 1992
-3450 66
853 2448
2812 3960
-804 6531
-434 408
1105 -1518
-1116 -108
2326 1192
-2668 5447
-1630 -421
-206 57
-2490 2973
541 -1881
1032 -433
-260 312
-240 -130
-3060 1362
-3740 -4388
-1829 -5213
414 124
-1216 2928
777 830
1110 1746
-2422 -1400
-427 -310
169 3177
-1419 3724
-4035 -755
-3964 3576
1104 -2948
-3765 -2175
1398 -570
2374 1697
-640 -600
-64 2568
3445 -1783
-940 1361
781 -974
393 1605
3952 1900
-2873 -3105
386 134
879 -371
-4923 4912
-1200 2728
464 2810
1746 -4872
246 -3225
-5271 -1876
-317 66
4706 2035
2816 465
1518 -2952
-2016 -2788
2837 4651
456 -242
2239 -175
-1235 747
-1213 305
667 2353
-1773 1358
363 2504
2486 -1495
-4001 -3396
-1109 2477
5776 2957
1915 -2513
-815 -372
-3947 4368
-5561 -1740
1209 1443
1332 1204
135 533
-2499 1001
6237 -2192
-2113 -2471
-2285 -321
-622 -2545
-617 1239
-2966 138
3663 -2247
-1208 -1072
-1104 -3438
2775 48
-2177 -2723
1084 -561
-3814 3645
2186 -1045
-211 -1827
763 -2408
60 -525
-1571 -424
-1273 -456
921 820
2314 -376
-545 -2486
-3268 -4034
3648 -709
114 3305
-630 613
-3202 -4803
151 2370
1852 1453
-1510 2341
-1836 4003
-287 -3704
-1965 -2376
-3096 1060
-2542 2659
2477 -2559
-139 -1328
-3377 771
-2328 1356
1150 -1217
-555 -1524
1856 67
-2971 625
-2247 -180
1355 -1095
2961 -326
1849 883
1656 -572
-1171 -2602
3475 -40
-1174 -513
1852 -1879
-1494 -5110
443 -688
1447 -2219
